Covariance Matrix:
                   resultId        raceId      driverId constructorId          grid
resultId      58626788.4734 2294778.00322 1558877.36968  207834.24194 -1489.9161246
raceId         2294778.0032   95878.31932   64802.71974    8334.75592   -70.6320295
driverId       1558877.3697   64802.71974   77994.86393    5507.33524   110.2503717
constructorId   207834.2419    8334.75592    5507.33524    3732.16232    45.8873184
grid             -1489.9161     -70.63203     110.25037      45.88732    52.0339058
positionOrder    -4520.2132    -173.77467     -25.14007      38.04391     8.9934430
points            8217.6184     316.98639      51.71831     -12.54866   -11.6284421
laps             26898.1693    1041.47344     909.15885      44.43301    15.5290124
statusId         -5061.4134     -96.76462      -5.57418     154.20031   -21.9081022
year             12544.2255     402.96951     225.03308    -218.51175    -2.0938587
round             1210.1843      39.13956     -19.05366     -26.75655     0.3742286
circuitId        34729.6007    1505.31432     926.48123     156.14759    -0.1282402
lat               3648.4282     217.11091     217.67303      78.54967    -1.0919237
lng               -756.0505    -448.56997    -315.53422    -210.63255    -5.1634326
alt              -1501.1643    1534.34119   -1074.76425     643.43033    36.6502950
              positionOrder       points          laps    statusId         year
resultId      -4520.2132446 8217.6183630 26898.1692893 -5061.41345 12544.225484
raceId         -173.7746705  316.9863909  1041.4734400   -96.76462   402.969512
driverId        -25.1400688   51.7183109   909.1588475    -5.57418   225.033081
constructorId    38.0439137  -12.5486645    44.4330104   154.20031  -218.511745
grid              8.9934430  -11.6284421    15.5290124   -21.90810    -2.093859
positionOrder    58.9496773  -19.0166978  -147.7219646   105.11408   -15.893484
points          -19.0166978   18.5457231    31.7961782   -30.22084    24.361059
laps           -147.7219646   31.7961782   874.8498150  -274.61283    36.060940
statusId        105.1140757  -30.2208403  -274.6128342   680.25508  -112.151890
year            -15.8934837   24.3610593    36.0609403  -112.15189   392.011900
round            -0.6137902    1.8530228    -4.0429918   -10.78814    31.450375
circuitId        -0.3404195   -0.4155719    -0.1271951    20.20454   -72.366259
lat               4.3964696   -3.2227979   -25.7147422    21.21613   -61.587650
lng             -22.0278911   20.0292876  -166.2457986  -125.15090   313.692847
alt              60.6722529  -64.1051809  -225.6020537   305.80093  -907.843610
                     round     circuitId          lat          lng          alt
resultId      1210.1843480 34729.6007216  3648.428164  -756.050475  -1501.16432
raceId          39.1395642  1505.3143209   217.110907  -448.569970   1534.34119
driverId       -19.0536621   926.4812266   217.673033  -315.534221  -1074.76425
constructorId  -26.7565488   156.1475867    78.549667  -210.632550    643.43033
grid             0.3742286    -0.1282402    -1.091924    -5.163433     36.65029
positionOrder   -0.6137902    -0.3404195     4.396470   -22.027891     60.67225
points           1.8530228    -0.4155719    -3.222798    20.029288    -64.10518
laps            -4.0429918    -0.1271951   -25.714742  -166.245799   -225.60205
statusId       -10.7881448    20.2045403    21.216133  -125.150900    305.80093
year            31.4503753   -72.3662589   -61.587650   313.692847   -907.84361
round           24.9208604    10.9056762    19.288371    29.871632     58.83843
circuitId       10.9056762   360.0047024    25.314843  -198.118359   1775.01961
lat             19.2883711    25.3148431   638.788619  -269.390792  -2705.94732
lng             29.8716315  -198.1183588  -269.390792  3309.887977  -7354.17037
alt             58.8384304  1775.0196123 -2705.947316 -7354.170369 165393.84269

Eigenvalues:
 [1] 5.875888e+07 1.658223e+05 3.697470e+04 5.632595e+03 3.220736e+03 2.840089e+03
 [7] 1.089331e+03 5.436521e+02 4.718647e+02 3.513223e+02 2.632788e+02 5.901734e+01
[13] 2.284819e+01 1.976812e+01 7.397005e+00

Eigenvectors:
               [,1]          [,2]          [,3]          [,4]         [,5]
 [1,]  9.988750e-01  0.0001782202  0.0311170833  0.0353913354  0.003497392
 [2,]  3.910386e-02 -0.0099008338 -0.1204827406 -0.9786760851 -0.156665523
 [3,]  2.657898e-02  0.0076172762 -0.9920863707  0.1216065622  0.009478879
 [4,]  3.541354e-03 -0.0040564382 -0.0002809174 -0.0854972707  0.669304952
 [5,] -2.532222e-05 -0.0002154900 -0.0039973122  0.0047348197  0.012390013
 [6,] -7.696787e-05 -0.0003706295 -0.0025796879 -0.0002758897  0.018075176
 [7,]  1.399299e-04  0.0003853547  0.0045179454 -0.0016186024 -0.014465177
 [8,]  4.583717e-04  0.0013300296 -0.0052444028  0.0047921038  0.025946545
 [9,] -8.610304e-05 -0.0018927475 -0.0039391418 -0.0230637775  0.075259351
[10,]  2.136046e-04  0.0055716346  0.0035064183  0.0241310991 -0.131385552
[11,]  2.058863e-05 -0.0003451882  0.0014063631  0.0016698000 -0.014091740
[12,]  5.918208e-04 -0.0107816696 -0.0009005084 -0.0271245760  0.033015872
[13,]  6.227103e-05  0.0162809356 -0.0031938448 -0.0291091997  0.122777239
[14,] -1.330625e-05  0.0452073371  0.0115974117  0.1257628552 -0.696935295
[15,] -2.500485e-05 -0.9986819321 -0.0058600666  0.0166774099 -0.031846700
              [,6]         [,7]          [,8]          [,9]         [,10]
 [1,]  0.003655593 -0.001341432 -0.0001620486 -0.0004801306 -0.0003777083
 [2,] -0.026337999  0.016781458  0.0071495828  0.0088184889  0.0120572096
 [3,] -0.004693964 -0.002667400 -0.0010623668  0.0049496682 -0.0014604416
 [4,] -0.725631758  0.094702589  0.0040387680  0.0658673148  0.0432266390
 [5,] -0.011901036  0.026423944 -0.0086775151  0.0234629750 -0.0129591067
 [6,] -0.015021456 -0.166516814  0.0280665054  0.0301381154  0.0231589099
 [7,]  0.007982186  0.038290516 -0.0055126518  0.0138009678  0.0251933318
 [8,]  0.082291485  0.786555007  0.1123312426 -0.5701943740  0.1092948814
 [9,] -0.033950931 -0.565490784  0.3190298653 -0.6775995037  0.2809387341
[10,]  0.001920008  0.107525421  0.0526465116  0.3301209417  0.6387583709
[11,]  0.001186089  0.001129166 -0.0513637703  0.0155654229  0.0392368178
[12,]  0.023670524 -0.041217876 -0.1358660778 -0.1415814117 -0.6579010158
[13,]  0.090445873 -0.094863878 -0.9177589920 -0.2440717116  0.2488634073
[14,] -0.674503469  0.011673847 -0.1345184236 -0.1440848030 -0.0360680065
[15,] -0.025945016  0.001644926 -0.0198338034 -0.0069397670  0.0123877964
              [,11]         [,12]         [,13]         [,14]         [,15]
 [1,]  0.0002742242  4.372649e-05 -1.584447e-06 -3.811678e-05  0.0001274794
 [2,]  0.0139810240  7.468477e-03 -1.924647e-03  4.310872e-04  0.0010497225
 [3,] -0.0024816284 -6.950074e-03  1.837827e-03  1.318630e-03 -0.0023822679
 [4,] -0.0485044613 -2.424285e-02  1.634237e-03  3.872895e-03 -0.0007543904
 [5,]  0.0011764090  8.583262e-01  4.985578e-01 -3.415833e-03 -0.1134798157
 [6,] -0.0133418119  4.065058e-01 -7.889175e-01 -4.546372e-02 -0.4237899238
 [7,] -0.0227464043 -3.034050e-01  3.169475e-01  2.133520e-02 -0.8966042813
 [8,] -0.0491882323  6.385927e-02 -1.273025e-01 -2.292481e-03 -0.0379433585
 [9,] -0.1487653734 -1.498267e-02  1.018081e-01  7.930984e-03  0.0148788945
[10,] -0.6631375554  4.225444e-03  2.952424e-03 -9.542526e-02  0.0435778017
[11,] -0.0979730638  2.915276e-02 -4.276524e-02  9.915075e-01  0.0030444422
[12,] -0.7224467690 -3.461493e-03 -4.473629e-03 -4.971160e-02 -0.0051372017
[13,]  0.0121722300  6.736668e-03 -6.117875e-03 -5.100814e-02 -0.0022697030
[14,]  0.0271437931  7.434817e-03 -1.085123e-02 -1.059525e-02 -0.0041083919
[15,]  0.0058127335  1.289711e-04 -5.399150e-04 -1.651771e-03 -0.0001938739

PCA Summary:
Importance of components:
                          PC1    PC2    PC3     PC4     PC5     PC6     PC7     PC8
Standard deviation     1.7600 1.5717 1.2762 1.14333 1.12034 1.11011 0.89804 0.83808
Proportion of Variance 0.2065 0.1647 0.1086 0.08715 0.08368 0.08216 0.05377 0.04682
Cumulative Proportion  0.2065 0.3712 0.4798 0.56693 0.65060 0.73276 0.78653 0.83335
                           PC9    PC10    PC11    PC12    PC13    PC14    PC15
Standard deviation     0.78639 0.72546 0.67187 0.63741 0.52494 0.43678 0.17606
Proportion of Variance 0.04123 0.03509 0.03009 0.02709 0.01837 0.01272 0.00207
Cumulative Proportion  0.87458 0.90966 0.93976 0.96684 0.98521 0.99793 1.00000

First Principal Component (PC1):
     resultId        raceId      driverId constructorId          grid positionOrder 
   0.52703985    0.52874561    0.44604708    0.28123429   -0.03087501   -0.17877045 
       points          laps      statusId          year         round     circuitId 
   0.22301139    0.18539996   -0.10256501    0.06143902    0.03128695    0.17721459 
          lat           lng           alt 
   0.01878404   -0.01980960    0.01278668 

Correlation Matrix:
              resultId raceId driverId constructorId  grid positionOrder points  laps
resultId          1.00   0.97     0.73          0.44 -0.03         -0.08   0.25  0.12
raceId            0.97   1.00     0.75          0.44 -0.03         -0.07   0.24  0.11
driverId          0.73   0.75     1.00          0.32  0.05         -0.01   0.04  0.11
constructorId     0.44   0.44     0.32          1.00  0.10          0.08  -0.05  0.02
grid             -0.03  -0.03     0.05          0.10  1.00          0.16  -0.37  0.07
positionOrder    -0.08  -0.07    -0.01          0.08  0.16          1.00  -0.58 -0.65
points            0.25   0.24     0.04         -0.05 -0.37         -0.58   1.00  0.25
laps              0.12   0.11     0.11          0.02  0.07         -0.65   0.25  1.00
statusId         -0.03  -0.01     0.00          0.10 -0.12          0.52  -0.27 -0.36
year              0.08   0.07     0.04         -0.18 -0.01         -0.10   0.29  0.06
round             0.03   0.03    -0.01         -0.09  0.01         -0.02   0.09 -0.03
circuitId         0.24   0.26     0.17          0.13  0.00          0.00  -0.01  0.00
lat               0.02   0.03     0.03          0.05 -0.01          0.02  -0.03 -0.03
lng               0.00  -0.03    -0.02         -0.06 -0.01         -0.05   0.08 -0.10
alt               0.00   0.01    -0.01          0.03  0.01          0.02  -0.04 -0.02
              statusId  year round circuitId   lat   lng   alt
resultId         -0.03  0.08  0.03      0.24  0.02  0.00  0.00
raceId           -0.01  0.07  0.03      0.26  0.03 -0.03  0.01
driverId          0.00  0.04 -0.01      0.17  0.03 -0.02 -0.01
constructorId     0.10 -0.18 -0.09      0.13  0.05 -0.06  0.03
grid             -0.12 -0.01  0.01      0.00 -0.01 -0.01  0.01
positionOrder     0.52 -0.10 -0.02      0.00  0.02 -0.05  0.02
points           -0.27  0.29  0.09     -0.01 -0.03  0.08 -0.04
laps             -0.36  0.06 -0.03      0.00 -0.03 -0.10 -0.02
statusId          1.00 -0.22 -0.08      0.04  0.03 -0.08  0.03
year             -0.22  1.00  0.32     -0.19 -0.12  0.28 -0.11
round            -0.08  0.32  1.00      0.12  0.15  0.10  0.03
circuitId         0.04 -0.19  0.12      1.00  0.05 -0.18  0.23
lat               0.03 -0.12  0.15      0.05  1.00 -0.19 -0.26
lng              -0.08  0.28  0.10     -0.18 -0.19  1.00 -0.31
alt               0.03 -0.11  0.03      0.23 -0.26 -0.31  1.00

Eigenvalues of Correlation Matrix:
 [1] 3.09640464 2.47117347 1.62740683 1.30584036 1.25792158 1.23331624 0.80496829
 [8] 0.70590428 0.61647804 0.52562582 0.45140093 0.41347336 0.27355306 0.18786625
[15] 0.02866684

Eigenvectors of Correlation Matrix:
             [,1]       [,2]         [,3]        [,4]         [,5]        [,6]
 [1,] -0.52777922 -0.1194667  0.113029229 -0.01828281  0.009869074  0.04520661
 [2,] -0.52934019 -0.1345391  0.101142820 -0.02927221  0.005809317  0.03394659
 [3,] -0.44543986 -0.1615038  0.107041544  0.10136491  0.044571486  0.01921561
 [4,] -0.27826493 -0.2515844 -0.041972182  0.19591893 -0.053720272  0.09222351
 [5,]  0.03246085 -0.1257080 -0.018508887  0.60015950  0.404905071 -0.29946508
 [6,]  0.17928867 -0.4976871  0.272890160 -0.05249692  0.095084115 -0.03286989
 [7,] -0.22411525  0.4018650  0.002948251 -0.32857529 -0.169726410  0.13089832
 [8,] -0.18487542  0.3471026 -0.335213183  0.29819258  0.003338378 -0.03384385
 [9,]  0.10332917 -0.4049341  0.118500741 -0.25570059 -0.174242251  0.16856373
[10,] -0.06296238  0.2925592  0.439765962 -0.11241042  0.284727957 -0.13311006
[11,] -0.03386587  0.1092426  0.243943374 -0.29055855  0.179384988 -0.63540533
[12,] -0.17618885 -0.1660539 -0.271120673 -0.28669934  0.119095388 -0.29826208
[13,] -0.02011103 -0.0670098  0.001153909  0.08069311 -0.608746173 -0.54562905
[14,]  0.02038539  0.1675651  0.524109859  0.11168139  0.115603780  0.20458073
[15,] -0.01202951 -0.1055434 -0.401799685 -0.35594681  0.501457744  0.02221456
             [,7]         [,8]         [,9]       [,10]       [,11]       [,12]
 [1,]  0.05654593 -0.071724574 -0.043848184  0.02552948  0.07901370 -0.09339021
 [2,]  0.06870883 -0.089762270 -0.035090227  0.01753230  0.07448700 -0.09241858
 [3,]  0.15471554 -0.315816235  0.088019178  0.29811148 -0.06516949  0.10043973
 [4,] -0.14975924  0.811809773 -0.070006197 -0.15498249 -0.23554238  0.09681856
 [5,]  0.01673193 -0.015083393 -0.040341421 -0.27219862  0.50455195 -0.17586066
 [6,]  0.14019833 -0.059560498 -0.098160511 -0.09702097 -0.15744522 -0.02790392
 [7,]  0.03064687  0.145655808 -0.178660181 -0.30416282  0.45086515 -0.25308568
 [8,]  0.04717963 -0.001177051  0.603424288 -0.03259568 -0.13510005  0.18848130
 [9,]  0.07767308  0.052677028  0.666697160 -0.24047086  0.36123941  0.06528312
[10,]  0.35152071  0.001740012 -0.008053786 -0.48251539 -0.22505189  0.41540819
[11,] -0.04892575  0.284577722  0.292031647  0.31577471 -0.06409387 -0.36571191
[12,] -0.63704210 -0.281589604 -0.016761976 -0.39218508 -0.13551928  0.13457450
[13,]  0.11184335  0.025403931 -0.174941118  0.07584451  0.24692905  0.45227758
[14,] -0.57543745  0.047312235  0.052152788  0.27230363  0.27020292  0.35175470
[15,]  0.20288613  0.192594051 -0.116003449  0.29154139  0.29998140  0.41835895
            [,13]       [,14]         [,15]
 [1,]  0.41898937 -0.11519514  0.6908130797
 [2,]  0.35207082 -0.12962079 -0.7212929656
 [3,] -0.70026593  0.15839930  0.0363142277
 [4,] -0.18003633  0.00927050 -0.0007167732
 [5,] -0.07949144 -0.03054304  0.0019836747
 [6,]  0.21698763  0.71956187 -0.0120249244
 [7,] -0.19716355  0.42611080  0.0003236457
 [8,]  0.23310283  0.40890401 -0.0130517517
 [9,] -0.08767999 -0.18267864  0.0147583034
[10,] -0.04570257 -0.15442300  0.0048016224
[11,] -0.02603774  0.01271353  0.0006543922
[12,] -0.07745606  0.02637150  0.0126716144
[13,]  0.06085413  0.03954573  0.0015568497
[14,]  0.08329207  0.12141657 -0.0216466654
[15,]  0.06325328  0.05381724 -0.0016309660

Percentage of Variance Explained by Each Eigenvalue:
 [1] 20.6426976 16.4744898 10.8493788  8.7056024  8.3861438  8.2221082  5.3664553
 [8]  4.7060286  4.1098536  3.5041722  3.0093395  2.7564891  1.8236871  1.2524417
[15]  0.1911123
