Confusion Matrix and Statistics

          Reference
Prediction   1   2   3   4   5   6   7   8   9  10  11  12  13  14  15  16  17  18
       1   332  30   1   0   0   0   0   0   0   0   0   0   0   0   0   0   0   0
       2    23 287  17   0   0   0   0   0   0   0   0   0   0   0   0   0   0   0
       3     0  16 317  11   0   0   0   0   0   0   0   0   0   0   0   0   0   0
       4     0   0  13 328   6   0   0   0   0   0   0   0   0   0   0   0   0   0
       5     0   0   0  12 319  12   0   0   0   0   0   0   0   0   0   0   0   0
       6     0   0   0   0   6 289   2   0   0   0   0   0   0   0   0   0   0   0
       7     0   0   0   0   0   6 311   7   1   0   0   0   0   0   0   0   0   0
       8     0   0   0   0   0   0   3 322   4   0   0   0   0   0   0   0   0   0
       9     0   0   0   0   0   0   0   0 343   0   0   0   0   0   0   0   0   0
          Reference
Prediction  19  20  21  22  23  24  25  26  27  28  29  30  31  32  33  34  35  36
       1     0   0   0   0   0   0   0   0   0   0   0   0   0   0   0   0   0   0
       2     0   0   0   0   0   0   0   0   0   0   0   0   0   0   0   0   0   0
       3     0   0   0   0   0   0   0   0   0   0   0   0   0   0   0   0   0   0
       4     0   0   0   0   0   0   0   0   0   0   0   0   0   0   0   0   0   0
       5     0   0   0   0   0   0   0   0   0   0   0   0   0   0   0   0   0   0
       6     0   0   0   0   0   0   0   0   0   0   0   0   0   0   0   0   0   0
       7     0   0   0   0   0   0   0   0   0   0   0   0   0   0   0   0   0   0
       8     0   0   0   0   0   0   0   0   0   0   0   0   0   0   0   0   0   0
       9     0   0   0   0   0   0   0   0   0   0   0   0   0   0   0   0   0   0
          Reference
Prediction  37  38  39  40  41  42  43  44  45  46  47  48  49  50  51  52  53  54
       1     0   0   0   0   0   0   0   0   0   0   0   0   0   0   0   0   0   0
       2     0   0   0   0   0   0   0   0   0   0   0   0   0   0   0   0   0   0
       3     0   0   0   0   0   0   0   0   0   0   0   0   0   0   0   0   0   0
       4     0   0   0   0   0   0   0   0   0   0   0   0   0   0   0   0   0   0
       5     0   0   0   0   0   0   0   0   0   0   0   0   0   0   0   0   0   0
       6     0   0   0   0   0   0   0   0   0   0   0   0   0   0   0   0   0   0
       7     0   0   0   0   0   0   0   0   0   0   0   0   0   0   0   0   0   0
       8     0   0   0   0   0   0   0   0   0   0   0   0   0   0   0   0   0   0
       9     0   0   0   0   0   0   0   0   0   0   0   0   0   0   0   0   0   0
          Reference
Prediction  55  56  57  58  59  60  61  62  63  64  65  66  67  68  69  70  71  72
       1     0   0   0   0   0   0   0   0   0   0   0   0   0   0   0   0   0   0
       2     0   0   0   0   0   0   0   0   0   0   0   0   0   0   0   0   0   0
       3     0   0   0   0   0   0   0   0   0   0   0   0   0   0   0   0   0   0
       4     0   0   0   0   0   0   0   0   0   0   0   0   0   0   0   0   0   0
       5     0   0   0   0   0   0   0   0   0   0   0   0   0   0   0   0   0   0
       6     0   0   0   0   0   0   0   0   0   0   0   0   0   0   0   0   0   0
       7     0   0   0   0   0   0   0   0   0   0   0   0   0   0   0   0   0   0
       8     0   0   0   0   0   0   0   0   0   0   0   0   0   0   0   0   0   0
       9     0   0   0   0   0   0   0   0   0   0   0   0   0   0   0   0   0   0
          Reference
Prediction  73  74  75  76  77  78  79  80  81  82  83  84  85  86  87  88  89  90
       1     0   0   0   0   0   0   0   0   0   0   0   0   0   0   0   0   0   0
       2     0   0   0   0   0   0   0   0   0   0   0   0   0   0   0   0   0   0
       3     0   0   0   0   0   0   0   0   0   0   0   0   0   0   0   0   0   0
       4     0   0   0   0   0   0   0   0   0   0   0   0   0   0   0   0   0   0
       5     0   0   0   0   0   0   0   0   0   0   0   0   0   0   0   0   0   0
       6     0   0   0   0   0   0   0   0   0   0   0   0   0   0   0   0   0   0
       7     0   0   0   0   0   0   0   0   0   0   0   0   0   0   0   0   0   0
       8     0   0   0   0   0   0   0   0   0   0   0   0   0   0   0   0   0   0
       9     0   0   0   0   0   0   0   0   0   0   0   0   0   0   0   0   0   0
          Reference
Prediction  91  92  93  94  95  96  97  98  99 100 101 102 103 105 107 104 106 108
       1     0   0   0   0   0   0   0   0   0   0   0   0   0   0   0   0   0   0
       2     0   0   0   0   0   0   0   0   0   0   0   0   0   0   0   0   0   0
       3     0   0   0   0   0   0   0   0   0   0   0   0   0   0   0   0   0   0
       4     0   0   0   0   0   0   0   0   0   0   0   0   0   0   0   0   0   0
       5     0   0   0   0   0   0   0   0   0   0   0   0   0   0   0   0   0   0
       6     0   0   0   0   0   0   0   0   0   0   0   0   0   0   0   0   0   0
       7     0   0   0   0   0   0   0   0   0   0   0   0   0   0   0   0   0   0
       8     0   0   0   0   0   0   0   0   0   0   0   0   0   0   0   0   0   0
       9     0   0   0   0   0   0   0   0   0   0   0   0   0   0   0   0   0   0
 [ reached getOption("max.print") -- omitted 99 rows ]

Overall Statistics
                                          
               Accuracy : 0.9817          
                 95% CI : (0.9789, 0.9842)
    No Information Rate : 0.0342          
    P-Value [Acc > NIR] : < 2.2e-16       
                                          
                  Kappa : 0.9812          
                                          
 Mcnemar's Test P-Value : NA              

Statistics by Class:

                     Class: 1 Class: 2 Class: 3 Class: 4 Class: 5 Class: 6 Class: 7
Sensitivity           0.93521  0.86186  0.91092  0.93447  0.96375  0.94137  0.98418
Specificity           0.99691  0.99602  0.99731  0.99810  0.99761  0.99921  0.99861
Pos Pred Value        0.91460  0.87768  0.92151  0.94524  0.93003  0.97306  0.95692
Neg Pred Value        0.99770  0.99542  0.99691  0.99771  0.99880  0.99821  0.99950
Prevalence            0.03421  0.03209  0.03354  0.03383  0.03190  0.02959  0.03045
Detection Rate        0.03200  0.02766  0.03055  0.03161  0.03074  0.02785  0.02997
Detection Prevalence  0.03498  0.03152  0.03315  0.03344  0.03306  0.02862  0.03132
Balanced Accuracy     0.96606  0.92894  0.95411  0.96629  0.98068  0.97029  0.99139
                     Class: 8 Class: 9 Class: 10 Class: 11 Class: 12 Class: 13
Sensitivity           0.97872  0.98563   1.00000   0.99388   0.99432   0.99396
Specificity           0.99930  1.00000   0.99980   0.99980   0.99980   0.99970
Pos Pred Value        0.97872  1.00000   0.99327   0.99388   0.99432   0.99096
Neg Pred Value        0.99930  0.99950   1.00000   0.99980   0.99980   0.99980
Prevalence            0.03171  0.03354   0.02843   0.03152   0.03392   0.03190
Detection Rate        0.03103  0.03306   0.02843   0.03132   0.03373   0.03171
Detection Prevalence  0.03171  0.03306   0.02862   0.03152   0.03392   0.03200
Balanced Accuracy     0.98901  0.99282   0.99990   0.99684   0.99706   0.99683
                     Class: 14 Class: 15 Class: 16 Class: 17 Class: 18 Class: 19
Sensitivity            0.98792   0.98806   1.00000   0.99677   1.00000   1.00000
Specificity            0.99970   0.99990   0.99980   1.00000   1.00000   1.00000
Pos Pred Value         0.99091   0.99699   0.99387   1.00000   1.00000   1.00000
Neg Pred Value         0.99960   0.99960   1.00000   0.99990   1.00000   1.00000
Prevalence             0.03190   0.03229   0.03123   0.02988   0.02833   0.03142
Detection Rate         0.03152   0.03190   0.03123   0.02978   0.02833   0.03142
Detection Prevalence   0.03180   0.03200   0.03142   0.02978   0.02833   0.03142
Balanced Accuracy      0.99381   0.99398   0.99990   0.99839   1.00000   1.00000
                     Class: 20 Class: 21 Class: 22 Class: 23 Class: 24 Class: 25
Sensitivity              1.000   1.00000   1.00000   1.00000   1.00000   1.00000
Specificity              1.000   1.00000   1.00000   1.00000   1.00000   1.00000
Pos Pred Value           1.000   1.00000   1.00000   1.00000   1.00000   1.00000
Neg Pred Value           1.000   1.00000   1.00000   1.00000   1.00000   1.00000
Prevalence               0.032   0.02891   0.02699   0.02159   0.02014   0.01532
Detection Rate           0.032   0.02891   0.02699   0.02159   0.02014   0.01532
Detection Prevalence     0.032   0.02891   0.02699   0.02159   0.02014   0.01532
Balanced Accuracy        1.000   1.00000   1.00000   1.00000   1.00000   1.00000
                     Class: 26 Class: 27 Class: 28 Class: 29 Class: 30 Class: 31
Sensitivity            1.00000   1.00000   1.00000    1.0000   1.00000   1.00000
Specificity            1.00000   1.00000   1.00000    1.0000   1.00000   1.00000
Pos Pred Value         1.00000   1.00000   1.00000    1.0000   1.00000   1.00000
Neg Pred Value         1.00000   1.00000   1.00000    1.0000   1.00000   1.00000
Prevalence             0.01725   0.01542   0.01523    0.0133   0.01214   0.01157
Detection Rate         0.01725   0.01542   0.01523    0.0133   0.01214   0.01157
Detection Prevalence   0.01725   0.01542   0.01523    0.0133   0.01214   0.01157
Balanced Accuracy      1.00000   1.00000   1.00000    1.0000   1.00000   1.00000
                     Class: 32 Class: 33 Class: 34 Class: 35 Class: 36 Class: 37
Sensitivity             1.0000  1.000000    1.0000  1.000000  1.000000  1.000000
Specificity             1.0000  1.000000    1.0000  1.000000  1.000000  1.000000
Pos Pred Value          1.0000  1.000000    1.0000  1.000000  1.000000  1.000000
Neg Pred Value          1.0000  1.000000    1.0000  1.000000  1.000000  1.000000
Prevalence              0.0107  0.009252    0.0106  0.009059  0.006746  0.007614
Detection Rate          0.0107  0.009252    0.0106  0.009059  0.006746  0.007614
Detection Prevalence    0.0107  0.009252    0.0106  0.009059  0.006746  0.007614
Balanced Accuracy       1.0000  1.000000    1.0000  1.000000  1.000000  1.000000
                     Class: 38 Class: 39 Class: 40 Class: 41 Class: 42 Class: 43
Sensitivity           1.000000  1.000000  1.000000   1.00000   1.00000  1.000000
Specificity           1.000000  1.000000  1.000000   1.00000   1.00000  1.000000
Pos Pred Value        1.000000  1.000000  1.000000   1.00000   1.00000  1.000000
Neg Pred Value        1.000000  1.000000  1.000000   1.00000   1.00000  1.000000
Prevalence            0.006746  0.004915  0.005301   0.00453   0.00453  0.004626
Detection Rate        0.006746  0.004915  0.005301   0.00453   0.00453  0.004626
Detection Prevalence  0.006746  0.004915  0.005301   0.00453   0.00453  0.004626
Balanced Accuracy     1.000000  1.000000  1.000000   1.00000   1.00000  1.000000
                     Class: 44 Class: 45 Class: 46 Class: 47 Class: 48 Class: 49
Sensitivity           1.000000  1.000000  1.000000  1.000000  1.000000  1.000000
Specificity           1.000000  1.000000  1.000000  1.000000  1.000000  1.000000
Pos Pred Value        1.000000  1.000000  1.000000  1.000000  1.000000  1.000000
Neg Pred Value        1.000000  1.000000  1.000000  1.000000  1.000000  1.000000
Prevalence            0.003759  0.002988  0.003662  0.002795  0.003662  0.003759
Detection Rate        0.003759  0.002988  0.003662  0.002795  0.003662  0.003759
Detection Prevalence  0.003759  0.002988  0.003662  0.002795  0.003662  0.003759
Balanced Accuracy     1.000000  1.000000  1.000000  1.000000  1.000000  1.000000
                     Class: 50 Class: 51 Class: 52 Class: 53 Class: 54 Class: 55
Sensitivity           1.000000  1.000000  1.000000  1.000000  1.000000  1.000000
Specificity           1.000000  1.000000  1.000000  1.000000  1.000000  1.000000
Pos Pred Value        1.000000  1.000000  1.000000  1.000000  1.000000  1.000000
Neg Pred Value        1.000000  1.000000  1.000000  1.000000  1.000000  1.000000
Prevalence            0.002795  0.002988  0.002217  0.002024  0.002217  0.001446
Detection Rate        0.002795  0.002988  0.002217  0.002024  0.002217  0.001446
Detection Prevalence  0.002795  0.002988  0.002217  0.002024  0.002217  0.001446
Balanced Accuracy     1.000000  1.000000  1.000000  1.000000  1.000000  1.000000
                     Class: 56 Class: 57 Class: 58 Class: 59 Class: 60 Class: 61
Sensitivity           1.000000  1.000000  1.000000  1.000000   1.00000  1.000000
Specificity           1.000000  1.000000  1.000000  1.000000   1.00000  1.000000
Pos Pred Value        1.000000  1.000000  1.000000  1.000000   1.00000  1.000000
Neg Pred Value        1.000000  1.000000  1.000000  1.000000   1.00000  1.000000
Prevalence            0.002313  0.002217  0.003373  0.001928   0.00212  0.002506
Detection Rate        0.002313  0.002217  0.003373  0.001928   0.00212  0.002506
Detection Prevalence  0.002313  0.002217  0.003373  0.001928   0.00212  0.002506
Balanced Accuracy     1.000000  1.000000  1.000000  1.000000   1.00000  1.000000
                     Class: 62 Class: 63 Class: 64 Class: 65 Class: 66 Class: 67
Sensitivity           1.000000  1.000000  1.000000  1.000000   1.00000  1.000000
Specificity           1.000000  1.000000  1.000000  1.000000   1.00000  1.000000
Pos Pred Value        1.000000  1.000000  1.000000  1.000000   1.00000  1.000000
Neg Pred Value        1.000000  1.000000  1.000000  1.000000   1.00000  1.000000
Prevalence            0.001831  0.002699  0.002024  0.001542   0.00212  0.001831
Detection Rate        0.001831  0.002699  0.002024  0.001542   0.00212  0.001831
Detection Prevalence  0.001831  0.002699  0.002024  0.001542   0.00212  0.001831
Balanced Accuracy     1.000000  1.000000  1.000000  1.000000   1.00000  1.000000
                     Class: 68 Class: 69 Class: 70 Class: 71 Class: 72 Class: 73
Sensitivity           1.000000  1.000000  1.000000  1.000000   1.00000  1.000000
Specificity           1.000000  1.000000  1.000000  1.000000   1.00000  1.000000
Pos Pred Value        1.000000  1.000000  1.000000  1.000000   1.00000  1.000000
Neg Pred Value        1.000000  1.000000  1.000000  1.000000   1.00000  1.000000
Prevalence            0.001542  0.002024  0.001349  0.001253   0.00106  0.001349
Detection Rate        0.001542  0.002024  0.001349  0.001253   0.00106  0.001349
Detection Prevalence  0.001542  0.002024  0.001349  0.001253   0.00106  0.001349
Balanced Accuracy     1.000000  1.000000  1.000000  1.000000   1.00000  1.000000
                     Class: 74 Class: 75 Class: 76 Class: 77 Class: 78 Class: 79
Sensitivity           1.000000  1.000000 1.0000000 1.0000000 1.0000000 1.0000000
Specificity           1.000000  1.000000 1.0000000 1.0000000 1.0000000 1.0000000
Pos Pred Value        1.000000  1.000000 1.0000000 1.0000000 1.0000000 1.0000000
Neg Pred Value        1.000000  1.000000 1.0000000 1.0000000 1.0000000 1.0000000
Prevalence            0.001349  0.001157 0.0009638 0.0008674 0.0009638 0.0003855
Detection Rate        0.001349  0.001157 0.0009638 0.0008674 0.0009638 0.0003855
Detection Prevalence  0.001349  0.001157 0.0009638 0.0008674 0.0009638 0.0003855
Balanced Accuracy     1.000000  1.000000 1.0000000 1.0000000 1.0000000 1.0000000
                     Class: 80 Class: 81 Class: 82 Class: 83 Class: 84 Class: 85
Sensitivity          1.0000000 1.0000000 1.0000000 1.0000000 1.0000000 1.0000000
Specificity          1.0000000 1.0000000 1.0000000 1.0000000 1.0000000 1.0000000
Pos Pred Value       1.0000000 1.0000000 1.0000000 1.0000000 1.0000000 1.0000000
Neg Pred Value       1.0000000 1.0000000 1.0000000 1.0000000 1.0000000 1.0000000
Prevalence           0.0006746 0.0008674 0.0008674 0.0005783 0.0005783 0.0002891
Detection Rate       0.0006746 0.0008674 0.0008674 0.0005783 0.0005783 0.0002891
Detection Prevalence 0.0006746 0.0008674 0.0008674 0.0005783 0.0005783 0.0002891
Balanced Accuracy    1.0000000 1.0000000 1.0000000 1.0000000 1.0000000 1.0000000
                     Class: 86 Class: 87 Class: 88 Class: 89 Class: 90 Class: 91
Sensitivity          1.0000000 1.0000000 1.0000000 1.0000000 1.0000000 1.0000000
Specificity          1.0000000 1.0000000 1.0000000 1.0000000 1.0000000 1.0000000
Pos Pred Value       1.0000000 1.0000000 1.0000000 1.0000000 1.0000000 1.0000000
Neg Pred Value       1.0000000 1.0000000 1.0000000 1.0000000 1.0000000 1.0000000
Prevalence           0.0002891 0.0004819 0.0004819 0.0004819 0.0001928 0.0004819
Detection Rate       0.0002891 0.0004819 0.0004819 0.0004819 0.0001928 0.0004819
Detection Prevalence 0.0002891 0.0004819 0.0004819 0.0004819 0.0001928 0.0004819
Balanced Accuracy    1.0000000 1.0000000 1.0000000 1.0000000 1.0000000 1.0000000
                     Class: 92 Class: 93 Class: 94 Class: 95 Class: 96 Class: 97
Sensitivity          1.000e+00 1.000e+00 1.0000000 1.0000000 1.0000000 1.0000000
Specificity          1.000e+00 1.000e+00 1.0000000 1.0000000 1.0000000 1.0000000
Pos Pred Value       1.000e+00 1.000e+00 1.0000000 1.0000000 1.0000000 1.0000000
Neg Pred Value       1.000e+00 1.000e+00 1.0000000 1.0000000 1.0000000 1.0000000
Prevalence           9.638e-05 9.638e-05 0.0001928 0.0002891 0.0001928 0.0002891
Detection Rate       9.638e-05 9.638e-05 0.0001928 0.0002891 0.0001928 0.0002891
Detection Prevalence 9.638e-05 9.638e-05 0.0001928 0.0002891 0.0001928 0.0002891
Balanced Accuracy    1.000e+00 1.000e+00 1.0000000 1.0000000 1.0000000 1.0000000
                     Class: 98 Class: 99 Class: 100 Class: 101 Class: 102 Class: 103
Sensitivity          1.0000000 1.000e+00  1.0000000  1.000e+00  1.000e+00         NA
Specificity          1.0000000 1.000e+00  1.0000000  1.000e+00  1.000e+00          1
Pos Pred Value       1.0000000 1.000e+00  1.0000000  1.000e+00  1.000e+00         NA
Neg Pred Value       1.0000000 1.000e+00  1.0000000  1.000e+00  1.000e+00         NA
Prevalence           0.0002891 9.638e-05  0.0001928  9.638e-05  9.638e-05          0
Detection Rate       0.0002891 9.638e-05  0.0001928  9.638e-05  9.638e-05          0
Detection Prevalence 0.0002891 9.638e-05  0.0001928  9.638e-05  9.638e-05          0
Balanced Accuracy    1.0000000 1.000e+00  1.0000000  1.000e+00  1.000e+00         NA
                     Class: 105 Class: 107 Class: 104 Class: 106 Class: 108
Sensitivity           0.0000000  0.000e+00  1.000e+00  0.000e+00  0.000e+00
Specificity           1.0000000  1.000e+00  9.995e-01  1.000e+00  1.000e+00
Pos Pred Value              NaN        NaN  1.667e-01        NaN        NaN
Neg Pred Value        0.9998072  9.999e-01  1.000e+00  9.999e-01  9.999e-01
Prevalence            0.0001928  9.638e-05  9.638e-05  9.638e-05  9.638e-05
Detection Rate        0.0000000  0.000e+00  9.638e-05  0.000e+00  0.000e+00
Detection Prevalence  0.0000000  0.000e+00  5.783e-04  0.000e+00  0.000e+00
Balanced Accuracy     0.5000000  5.000e-01  9.998e-01  5.000e-01  5.000e-01
