"PC1"	"PC2"	"PC3"	"PC4"	"PC5"	"PC6"	"PC7"	"PC8"	"PC9"	"PC10"	"PC11"	"PC12"	"PC13"	"PC14"
"1"	-2.47597166735586	-2.72573579054462	-0.785429023184103	1.15128947021687	0.460610445723291	-0.496805132352811	-0.293588073896283	-0.154599492249416	0.0635770183020292	0.218723376066621	0.495041031910359	0.0656790756544135	-0.0862983914657984	0.00627734625005738
"2"	-2.86773467383617	-2.28689368717813	-0.147518269151704	1.10839823012777	-2.6914521858493	0.0318837842767954	-0.0373205511893738	-0.53968680091773	0.167153078937331	0.431285288831764	0.418586139444384	-0.0191383060504646	-0.0589534876591147	0.00548745702284446
"3"	-2.69068468469458	-2.5882526645862	2.01873893475494	1.37358558541497	-0.332558624662258	-0.546511899180043	-0.930841997926306	0.485296929237291	-0.0536996096767133	0.567118789905196	0.596511847181909	-0.0726873581717287	-0.0617303164977475	0.00316481779226024
"4"	-2.77516505588681	-1.39039367358236	-1.28133308844965	0.840950811018437	0.746618003680378	-0.659643205042156	-0.0725477489146473	-0.374281799036937	0.211873189513547	0.764626662830329	0.881671702631776	-0.0459022698387191	-0.04409584956553	0.00330693018020477
"5"	-2.82408632333474	-0.917023054140294	-1.83082380431585	0.653363994305417	0.894477977383108	-0.728188236882412	0.0326272926199736	-0.478171076873921	0.209560242771537	0.541650575380141	0.840510583551856	-0.0277563659966877	-0.0502924659416431	0.00427497039569152
"6"	-2.85766521558858	-0.723959973065788	-1.82051605863792	0.615200791499033	0.857462722655289	-0.716590983756971	0.112910105804316	-0.556959778751132	0.211858584042753	0.443789556841324	0.740500730806612	-0.0213674044081793	-0.0534544534155935	0.00493318747024717
"7"	-3.30256269625281	0.192233295582175	-0.971265820954121	0.280091765516794	-2.67285887785194	-0.399288980092883	-0.119695678198941	-0.462555636082202	0.0684506820679655	-0.273430699675977	0.57746156789747	-0.0645251814946154	-0.0599626566941357	0.00634618507454186
"8"	-3.23872973940854	0.0862510541007749	-1.5693839425223	0.376546588340767	-2.03657018896485	-0.273401265070459	0.463938595085254	-1.02103681439452	0.22768141205333	-0.0526441943221129	0.461046388527975	-0.0411906182944622	-0.0540037094536946	0.00681669448588529
"9"	-2.81948098453356	-1.57238374457707	1.5991479748295	1.266640297243	0.787891175301586	-0.481337815878051	0.127789555035703	-0.50793282888808	0.146301532293197	0.441050767001079	0.268095628600038	-0.0600845790515384	-0.0568977747250625	0.00502414560328535
"10"	-3.07898459344233	0.208626257931731	0.295947613820565	0.405016228463707	-0.187163407805644	-1.0139588449279	-1.02932503783861	0.568471826100262	-0.160194149405697	-0.299554613281593	0.288866836974083	-0.0405740536694625	-0.0855212440934543	0.00743765377070048
"11"	-2.86684394974406	-1.13694958552347	1.26275314262623	1.15176861616187	0.822563850977109	-0.506928848988615	0.190451902600839	-0.573349216952798	0.159563450170694	0.377959350610226	0.0469514140847807	-0.0405188482319819	-0.062932187865549	0.00648908631777864
"12"	-3.10259593920417	0.737789195867028	-0.832855226406541	0.219356659698019	-0.0727281189249496	-1.070325027425	-1.01666912345919	0.536577530514955	-0.0985659448809918	-0.101770828455839	0.0247842630431562	-0.0074310247165672	-0.0889006183587012	0.00921234934275291
"13"	-3.34578576916346	0.847162901623561	-1.09479294061889	0.299601151120981	-1.43471072339453	-0.22305157637169	1.17581026980454	-1.672656962482	0.251502826432907	-0.74297415049346	0.0529933507416471	-0.00743072451272575	-0.071126311918156	0.00966369175487381
"14"	-3.09473926682478	0.695512653324328	-0.311605571969838	0.374418483318086	0.552550906915335	-0.916094476737407	-0.291866911661084	-0.132145201555427	-0.0107481954936171	-0.362233043422045	-0.119394021570725	0.00477260789186501	-0.0906495011238226	0.00988919746476102
"15"	-2.95078198036405	-1.12576899685576	4.03968942093479	1.42572426727268	0.61951824314593	-0.446256256852698	0.0927699161194652	-0.424992424489445	0.00707176268592832	-0.138523283856474	-0.409333604765175	-0.0618940226090658	-0.0795890587357852	0.00789200744692389
"16"	-3.17927123721184	1.17637998042046	0.108241327406177	0.242847952274824	0.0860033593129318	-1.05884320802007	-0.852055403183578	0.406174975561312	-0.139224984462574	-0.471045876938533	-0.392718244780636	0.0059241436372699	-0.102970145468161	0.0113460817904076
"17"	-3.10327368053449	1.09238397488735	-0.869836924016075	0.341619515764072	1.41148588850281	-0.818608582968639	0.55465444296938	-0.931229585123195	0.131250118275735	-0.579742431566667	-0.354222252235441	0.0443515573536453	-0.0947172451144838	0.0116694695316934
"18"	-3.20989967103572	1.08086995978796	1.6545373160157	0.4374694522338	0.123478925804834	-0.981922349305661	-0.723418483488154	0.316321604709489	-0.193266301925903	-0.779285003733218	-0.600072293126984	-0.00572550463011101	-0.110129697743661	0.0118782701788329
"19"	-3.27780417094486	2.01683876881293	-0.352585740215977	-0.0142403710152508	0.311224062707261	-1.14948771881004	-0.66826510869337	0.233236871453182	-0.154835596586986	-0.882415159868901	-0.631340091665346	0.0372049504500132	-0.116762004711331	0.0135915260122638
"20"	-2.95886013697338	1.3282840232713	-1.47329694107023	3.63061509713671	1.25916915212211	2.17016084479947	1.13861632711534	0.983356271088817	-2.14928152287224	1.03979302428946	-0.564234238025432	0.033067367596338	-0.0867073104622148	0.0184678143782449
"21"	-2.31951139311373	-3.30871940451474	1.75907361769311	1.00636659329216	-0.377990803272278	0.0791936509496252	-1.08051317964058	0.797334127273147	0.074916952575444	0.305797902912413	0.348078494327629	0.00783277631385393	-0.139972641528384	-0.00231729041413188
"22"	-2.40585323286087	-2.36569985434834	-0.570675468895351	0.624812079714996	0.600397972800188	0.028327295481762	-0.199969561457931	-0.0679222027202565	0.304020815382201	0.374221870194532	0.63510543556206	0.0174554605123144	-0.122814694500756	-0.00262666030370002
"23"	-2.555345321252	-1.34783148690964	-2.02297787586152	0.215918880053814	0.808886933125017	-0.125130877896404	-0.0171873880998998	-0.265547519295662	0.373613499371394	0.378630741708411	0.854637124294186	0.00378225905946128	-0.112273004982447	-0.00290869779031928
"24"	-2.61482393009344	-1.16451764250963	-1.88552402177393	0.241645060756406	0.905550250366701	-0.145486789880018	-0.0280200287141103	-0.253070358469617	0.435024337217667	0.781286024639723	0.91568179829627	-0.039141215819022	-0.0951390705266844	-0.00413063509997969
"25"	-2.89067374043646	-1.55048082550733	0.214996884902578	0.569483817522108	-2.49201659625853	0.548257553253196	0.12574813381911	-0.519321052439736	0.471306055134992	0.89157804735217	0.519685364352926	-0.103896434482538	-0.0814978437122602	-0.00398026976601681
"26"	-2.6822796817986	-0.895799364379658	-1.00209086201783	0.244214904989908	0.958616333256966	-0.14907569324813	0.0863127369159539	-0.339091458751372	0.370449157033787	0.335031865574204	0.76302472759207	-0.0390596659926667	-0.105677571496	-0.0031719801423595
"27"	-2.63337745265176	-1.66422587328262	1.11749482524086	0.720423785394239	0.770844450526585	0.0502858126028498	0.0799280965066787	-0.302561896077714	0.354456718575818	0.508962607337184	0.523657553914207	-0.0707396557822828	-0.102326965968621	-0.00371257599696282
"28"	-2.66238707432006	-2.08692938339881	3.72274488896792	1.04296782918581	0.458962374874997	0.11801185953427	-0.124174148869642	-0.0604439092609286	0.203880522705679	0.143135260020637	0.399668548382299	-0.110747953200807	-0.1097709134024	-0.0041492578049002
"29"	-2.73856231798791	-0.426286662341652	-1.14705666973945	0.169644196391227	0.961684596191191	-0.142099581196829	0.181854303667048	-0.434921893703364	0.393878700641158	0.306889078988697	0.401420326188836	-0.0164839489043361	-0.112999691276084	-0.00119025369894525
"30"	-2.84591061718213	0.0911851658681345	-0.49742794668231	-0.0228192024998541	0.477809109271665	-0.342609695042726	-0.430662604822679	0.162679415260983	0.200388231739324	-0.101586046853699	0.322692662375219	-0.0253467823151727	-0.128163730749651	-0.000334237908986414
"31"	-3.1950890862979	0.719246338317346	-0.712779642558302	-0.235345919133277	-2.4650442270389	0.160809962181529	0.0158720233368425	-0.409748438894503	0.279893517937842	-0.371316555560909	0.121885731034126	-0.0449224378100582	-0.121417832658099	0.00102109984667878
"32"	-3.11589397690328	0.536212897138908	-1.35146182145358	-0.104783951359615	-1.85177793534495	0.302967797307169	0.571234409553602	-0.944192321265496	0.455367406751023	-0.0208863103656568	-0.0291489042188505	-0.0214864572666418	-0.113578336940415	0.00146983619901647
"33"	-2.94808079632007	0.565327534506592	0.483683701580185	-0.082856276976214	-0.0233017119971232	-0.446085377687253	-0.938654718290286	0.660545186719547	0.0573015699449933	-0.304007460169345	-0.0674834807444053	-0.0271485452176308	-0.143278596086185	0.00149210987747498
"34"	-2.87787521805919	0.658368253591463	-0.984909208092349	-0.0831833492640185	1.38069704586366	-0.252898326240197	0.460756131795245	-0.67567113173837	0.336333662027862	-0.412528443995502	-0.0113610874343515	0.0204094023793332	-0.135929298711545	0.00206649282330862
"35"	-2.80495420656439	-0.473593570430165	2.12082650647901	0.593750819323559	1.1526789277031	0.0144017161542329	0.437967681748711	-0.605769846387535	0.296909124717997	-0.23263232640238	-0.282072878902572	-0.0284316169313202	-0.131390244063222	0.00100529688316613
"36"	-3.02416333623859	1.2532995576055	0.2054193152385	-0.264650450383716	0.187073381687337	-0.516456526190343	-0.811261568395332	0.543934938651376	0.0476999088471099	-0.584130916358909	-0.347533637414113	0.000513694361134603	-0.155275670978921	0.00360448107811146
"37"	-3.09119804818725	1.8301860133744	-0.356343876328952	-0.50071556020318	0.347410572265774	-0.607822107151056	-0.68899415081261	0.425491865465092	0.0279519048565106	-0.938277921136305	-0.353084990125631	0.0193386133651633	-0.163552430756869	0.00463078102824805
"38"	-3.15193033733236	-0.164520283097094	3.62280490960789	0.69482524073788	-1.5157799344929	0.687070562704999	1.30751345938466	-1.54317442497776	0.378596097609464	-0.784142012072863	-0.681385185336105	-0.0599212228647081	-0.128119737903795	0.00260826021780977
"39"	-3.03213549957876	1.0969477040422	1.70077322250292	0.00472730521417877	0.199434711604318	-0.39849983213253	-0.722542927914752	0.486927292191948	0.0363351843864151	-0.596871832626609	-0.757971572555762	-0.00465446664373059	-0.160491401793925	0.00469180895488162
"40"	-2.85090049732656	1.62683187205407	-0.997959965961982	2.36842192752254	0.0548984432053276	-0.057460996114293	-2.41841352093151	0.0916383603635454	2.17186674919209	0.290424858286952	-0.87929657113741	0.0226725402147413	-0.249672568998049	-0.00756544912677414
"41"	-2.16961324468655	-3.39241792709369	1.92291628554999	-0.225310897454438	-0.255892481456529	0.711866350067312	-0.706109582421334	1.11212149508245	-0.240128146365353	0.379202452045772	0.303243926291619	0.0111650791445745	-0.107475316674522	0.0195698873202625
"42"	-2.20986862678264	-2.6805519760184	-0.528524973019766	-0.50454397618253	0.653429103036498	0.709810354909097	0.0896183745590074	0.318977052913029	0.0377051929248521	0.836557638852057	0.486412499875605	0.0210920153728255	-0.0846757242151652	0.0191951982536761
"43"	-2.32819927624426	-2.54197605335374	0.951511654732717	-0.409579179878575	0.722366402626286	0.723536340614405	0.266814870113434	0.181106635587256	0.0040513663069754	0.594082649913798	0.681619747027585	-0.043125892783775	-0.074525391676862	0.0174756315828036
"44"	-2.44078892862329	-1.51564641511623	-1.41809256971776	-0.85599310840524	0.817973348598054	0.561985982958488	0.27522721681412	0.124270883146527	0.141584336760064	1.10674615279074	0.78347444211014	-0.0438349875507166	-0.0582521496115701	0.0175510845906224
"45"	-3.00193218536521	-0.324308953236625	1.06842852732015	-1.24201513736921	-1.97853752215929	0.904338210616208	0.980773811184742	-0.613167715632987	-0.119872743878681	-1.23896098081808	1.06338154633611	-0.102288226487295	-0.0809698429715326	0.0182770499714796
"46"	-2.51178615600095	-0.907592632767962	-1.58018117264465	-1.04516278841049	1.11555448219149	0.47163685930519	0.436178332480053	-0.0168153175234844	0.107873471315242	0.667824555778721	0.67239619197055	-0.0234544425228499	-0.0700373936152887	0.01899745996514
"47"	-2.49436311033737	-1.11739091958645	-0.929754332833151	-0.87859918516808	1.03257802130465	0.540902961316182	0.392526167852918	0.0325789293916537	0.11432380992344	0.833578365075937	0.480486816877277	-0.0291444585561667	-0.0693558767043986	0.0192485640213729
"48"	-2.61169622583224	-0.412544012350345	-1.09821927722473	-1.20491564716838	-0.16350597791175	0.233453174006665	-0.950692541806149	1.29041329078863	-0.105015663621951	1.0101431562942	0.2143196436522	-0.0336096080333037	-0.0826342322672084	0.0207454533493633
"49"	-2.68909974667314	-0.276669252410635	0.323961949565174	-1.17016590593252	-0.100037607392595	0.233955541398609	-0.772112536088319	1.15643450419653	-0.217288836244731	0.272772864794125	0.249964571915525	-0.048423765974549	-0.0941094268701473	0.0208756798914111
"50"	-2.93449760669175	0.188942041936378	-1.28855527754199	-1.3154382286356	-1.79456312634509	0.934919426254119	0.884115129865359	-0.574909922534344	0.136184915944037	0.109740516920675	0.159087021918332	-0.0306100422446354	-0.0755659126213303	0.0221378696616906
"51"	-2.57763718672278	-0.34148728584037	-1.44912929373032	-1.05715812825871	1.16226145870916	0.517216492978537	0.582963125344498	-0.156519489361734	0.150932913974467	0.714806460616737	0.0370064391119574	0.00804912936961444	-0.0804684830651986	0.0220504194651229
"52"	-2.97644820973597	0.343552383716477	-0.721571228027817	-1.28994571939189	-2.43712733337751	0.883328856952274	0.265541680138937	0.00999654113117651	0.0562544884831276	0.386517423623601	-0.22989109144763	-0.0348043956870313	-0.0813350409120113	0.0233980978923994
"53"	-2.59891555662892	-1.47317147457028	4.1592098953516	-0.25832126771216	0.754780677327046	0.74435217402719	0.418172584152033	0.106087233273098	-0.108942675983557	0.00866224385087107	-0.210532527144951	-0.0763266395199307	-0.0920016114502177	0.0207966671382959
"54"	-2.75900891232364	0.53463130853635	-0.131713030934831	-1.29654312018767	0.729674456719196	0.291505144416435	0.0667867462115351	0.368476721226596	-0.106382083469098	-0.142626054026284	-0.188282894007176	0.0028972961329774	-0.106696604826235	0.0239912283688467
"55"	-2.77402423789231	0.614033270381051	0.0956916058236875	-1.29822703717171	0.150106762532834	0.205341298409664	-0.623114788500723	1.0181749495989	-0.180076512473792	0.230925340978574	-0.466239965722677	-0.00182415132455319	-0.10967777976761	0.0247623348521124
"56"	-2.72875098631566	0.68413966424202	-0.801258530944367	-1.26766976358184	1.52163408610901	0.413035683254659	0.840138831787104	-0.367304202968258	0.0579122726088848	-0.137058693332337	-0.358505061410518	0.0364004277052955	-0.10518597636842	0.02512926871141
"57"	-2.68655427992155	-0.293719760385531	2.38560529828119	-0.658949884893646	1.33966076233474	0.647795485442656	0.87389415587544	-0.345477509500075	-0.0139985823566128	-0.216450055421993	-0.559977941111775	-0.0126434262918846	-0.104408018674583	0.0241116188892795
"58"	-2.98894697754592	0.844379590363786	-0.92622646234678	-1.20222204388832	-1.2450239733064	1.0921065008799	1.50450385400755	-1.15203019338597	0.271792950503702	0.176261452488895	-0.823598220370416	0.0224928959813853	-0.0887375991815453	0.0266720584547191
"59"	-2.86687519860123	0.936197981766212	1.82405183303271	-1.19284304058273	0.29851063622692	0.250442987088373	-0.376411217762944	0.825751955942579	-0.262466755726566	-0.39382354365186	-0.837425596475254	-0.00122074646974635	-0.12611352846282	0.0265572136302689
"60"	-2.93477969851037	1.87216679079119	-0.183071223198971	-1.64455286383178	0.486255773129347	0.0828776175839929	-0.32125784296816	0.742667222686272	-0.224036050387648	-0.496953699787544	-0.868693395013616	0.0417097086103778	-0.132745835430491	0.0282704694637
"61"	-0.571313054208398	-3.28046435397785	-2.04559542614705	0.946683425014816	0.199144330257489	-1.1240125553816	-0.0451432219800822	-0.0294041918504322	-0.92014563839559	-0.597246227060039	-0.752767302343832	-0.61717033215954	-0.0223849031948195	-0.00770655102736122
"62"	-0.682503081220239	-2.86687339912015	-1.93087270687734	0.878188660602953	0.314829071021423	-1.17449703365086	0.0443267556779517	-0.111588117147351	-0.872305275270219	-0.394103853850966	-0.523130589366978	0.284606622714397	-0.089561047397014	-0.00630446052151595
"63"	-0.861019690238219	-2.08582123867257	-1.88656481876142	0.628584487143564	0.385912753996611	-1.2753424414185	0.255904063588814	-0.308963806954776	-0.890900289244631	-0.780870258786364	-0.249842445866095	0.245127546835743	-0.0831643121282982	-0.00719410450260884
"64"	-0.933771123366085	-2.46886695919056	0.758754595929009	1.00293329503388	0.390763214622974	-1.1645707118561	0.381412959255775	-0.378330697577186	-0.937638610984561	-0.886010434408117	-0.127318092494811	0.160108892527494	-0.0697396577192283	-0.0095725961343441
"65"	-0.962962560935631	-1.71446546880468	-2.19838681401045	0.66123005957009	0.534888603827113	-1.28703030251032	0.26307844817543	-0.329459252235465	-0.708008627219952	0.282103668340887	-0.180426800446508	0.168135793725812	-0.0446921723744865	-0.00944409649577559
"66"	-1.10418719015144	-1.17744419578812	-2.01956142053099	0.529331613281456	0.561705090376708	-1.33372313872344	0.436104218224722	-0.492176352065975	-0.694867975180883	0.157327972823372	0.0175270298887277	0.125230102185841	-0.0340087588331307	-0.0105034247510256
"67"	-1.16432692579955	-2.07580822972543	2.27708278714434	1.1873350869134	0.0883549728641286	-1.15327311917401	0.206063450891875	-0.20380875539376	-0.826313595092815	0.157653629464694	0.0317882475979176	0.00668739862196843	-0.0199050564727305	-0.0135656518780702
"68"	-1.35488050317312	-0.457664671515149	-0.721495083071904	0.411823173835859	-0.648906622091695	-1.59824403588818	-0.848313934048595	0.729610661969509	-0.849216338925659	0.840939708048216	0.0339547245956809	0.00669818857212684	-0.0124570186000687	-0.0125869546409838
"69"	-1.71917427288174	0.10958158494509	-1.0505908034225	0.301279382778132	-2.98850653980015	-0.995328891665692	0.203987536914585	-0.415604882882867	-0.606693647052128	0.857866285313665	0.0998749514460488	-0.0521387383581589	0.0180707231959405	-0.0132851955725015
"70"	-1.53046874894432	-0.0114386151788803	1.23278794312924	0.427344557049432	-0.424496711450242	-1.64664809214502	-0.594262104642319	0.539598328752747	-0.954070225688202	0.119548412655733	0.226171384821485	-0.056024169910281	-0.0120430144364425	-0.0137617395907846
"71"	-1.45622017563647	-0.56296283146377	2.01532883504292	0.77424666016236	-0.0553400664976777	-1.42462316567283	-0.102367716408503	0.085949866544781	-0.841676295940367	0.333121559272957	0.0565421574690391	-0.0589385413471839	-0.00493967087799593	-0.0139359889800873
"72"	-1.63964752144088	0.996472069185974	0.0911844890458043	0.0201409054007875	-0.21709326634463	-1.80347741103403	-0.458493835185597	0.400275158054244	-0.972969918631578	-0.33487571606247	0.140481724238857	-0.0199698327417878	-0.025316403477604	-0.0117467741407401
"73"	-1.75635618264021	0.668637041338698	-1.35533053842788	0.246824378072275	-2.1743141915132	-0.925304991748419	0.978857730296031	-1.1399591433726	-0.498107885164839	0.539066283993211	-0.244977873591048	-0.0104753041463558	0.00917510156819575	-0.0109097640470574
"74"	-1.79538820626392	0.32969344646013	0.979949179653365	0.530034988524351	-2.34781722642491	-0.823562036048391	1.03390994579839	-1.14940366170617	-0.611808098766463	0.0558478705266505	-0.316850478760706	-0.0439744862167646	0.00227026064026982	-0.011287335394158
"75"	-1.5954557241388	0.981907574406203	-0.177732243784715	0.184421265141747	0.354107070314634	-1.61825070406649	0.184822130937025	-0.214189356513794	-0.79354175292761	-0.0450092283249419	-0.255418927692919	0.0102718943927522	-0.0220821366032156	-0.0102102304346028
"76"	-1.71221413914344	1.4236312095122	0.82413545251378	0.043085969286929	-0.142820072190606	-1.7712578171914	-0.299877198235764	0.266059558042636	-0.989495283071577	-0.579139583011781	-0.308666208988905	-0.00429000834821061	-0.037323547906256	-0.00953770774284329
"77"	-1.71239529773794	1.78248238128718	-0.375417478349524	-0.115008420268609	-0.0723377383144295	-1.81984947472226	-0.332118665843803	0.273431425888916	-0.921814195066058	-0.287922789188846	-0.473523263774977	0.022675785371959	-0.0370050982002698	-0.00838347083615351
"78"	-1.61526654856712	1.19048051711183	0.274451535698838	0.273185085669665	1.19052500306148	-1.48064190336802	1.08505323451526	-1.04366201599791	-0.703571605601889	-0.517676350319798	-0.451538902655729	0.0331680403623319	-0.0285675573779813	-0.0088748455725651
"79"	-1.61205817246552	1.47203946243249	-0.705777562521853	0.158164263327272	1.23397260971348	-1.51226921516074	1.04796898048751	-1.02850260757182	-0.641353163811256	-0.226307885625356	-0.624092133385971	0.0561294964305217	-0.0279671560878668	-0.00783127276131388
"80"	-1.29842193173052	1.04157617891937	-0.785763299663084	4.6398644105566	0.623938616194354	0.117831539080438	-1.00562910997349	-0.407728841745767	0.81063084126029	1.26683351952851	-0.770630623874273	0.0160957285796629	-0.12514498984755	-0.0216435746231261
"81"	0.128608604195373	-3.22934946803254	-1.93298038428218	0.153845588883309	0.23956063464356	-0.34200076263997	0.753016954103372	1.10026402375939	0.120265368463658	-0.64876996967786	-0.700879772395385	-0.620703902353467	-0.0273764309715866	-0.0228747479529151
"82"	0.017418577183532	-2.81575851317484	-1.81825766501247	0.0853508244714461	0.355245375407494	-0.392485240909232	0.842486931761406	1.01808009846247	0.168105731589029	-0.445627596468787	-0.471243059418531	0.281073052520471	-0.094552575173781	-0.0214726574470695
"83"	-0.0413249306315983	-3.24022683013576	0.469845670047751	0.467824461393528	0.231305233954527	-0.25141382439681	0.92884524821708	0.970681263182826	0.162955603898914	-0.298611531684505	-0.412646550015914	0.200098409602375	-0.0773565686310955	-0.0237307986314787
"84"	-0.207680047754905	-2.65330927138047	1.19574557671775	0.301969846416256	-0.41152918159884	-0.4594404525069	0.200514872112327	1.66975025652893	0.0244617531671528	-0.226235133884994	-0.340615535136103	0.139746334039574	-0.0720789207050935	-0.0246419393240911
"85"	-0.423249880093086	-1.00616643652254	-1.2954143000211	-0.406854194372742	0.641898450946546	-0.62545987728647	1.32934491737709	0.57431528588527	0.159089572188695	-1.07308937335594	0.199521411953599	0.155359140850309	-0.0678606858169191	-0.0245564747570486
"86"	-0.485777703280979	-1.10614374257765	-0.195175240733727	-0.261108634195708	-0.687383747295669	-0.769170746978138	-0.172375938486893	1.99210000994556	0.0464313086366206	0.125123315595521	-0.089175625066377	0.0780851938295188	-0.0506341359710967	-0.0257143092145955
"87"	-0.60069368339178	-0.535563745186999	-0.645327493009268	-0.430249964351696	-0.601163028021824	-0.831518229357842	-0.0464346614803771	1.86228695925758	0.105189446507469	0.261544952199331	0.0602013700259134	0.0457749495576375	-0.0369988658071246	-0.0265491996070642
"88"	-0.90868829809549	-0.676815657710309	0.661802259207909	-0.140105108662765	-2.54286080457077	-0.00169348458363357	1.58303042136188	0.203640748681163	0.389105262898552	0.0732618995050566	0.170904306510322	-0.0356824840516185	-0.00190191823337737	-0.0283736467460584
"89"	-0.7456682931718	-0.438840294182033	1.11239666504951	-0.201499520073167	-0.520122950841276	-0.791781294024289	0.0459131411839364	1.80468189155946	0.157366299963125	0.680032638400647	0.238806610380861	-0.0653293059638795	-0.00581452433300365	-0.0296374874177252
"90"	-0.703900845170719	-1.05699526050622	2.81729122453956	0.226652661036014	0.319226433239143	-0.462354719698572	1.23958602546531	0.712316061838681	0.266352859343146	0.160932725422101	0.278068218622311	-0.0765995201009497	-0.00265760870085507	-0.0303728826441653
"91"	-0.803480668283132	0.580250382476598	-1.06832875177647	-0.603725535851936	1.04830480896366	-0.752285776713932	1.64505096950858	0.276972982854291	0.371940639481456	-0.178389356492034	0.398723435187759	0.00468985710084746	-0.0127279429629414	-0.0278032688663876
"92"	-0.83705956053697	0.773313463551105	-1.05802100609854	-0.641888738658321	1.01128955423584	-0.740688523588491	1.72533378269292	0.19818428097708	0.374238980752673	-0.27625037503085	0.298713582442516	0.0110788186893557	-0.0158899304368917	-0.0271450517918319
"93"	-0.910122301601733	1.00060372681905	-0.0443611538838468	-0.689714792368218	0.398707053464254	-0.885770341805249	1.0062750913153	0.89786200219389	0.194002385582001	-0.428241912313956	0.133397464079167	-0.00602181563967885	-0.0272002103464893	-0.0265322524548579
"94"	-0.879717664114802	0.843154919882119	0.290172929965522	-0.544061650246014	0.842244878433593	-0.776847319434547	1.44833799252111	0.491609879920524	0.263173794045888	-0.480658191281671	0.04824224306317	6.44688077378885e-05	-0.0260305979129851	-0.026334022016335
"95"	-0.888802502247726	1.10771773642668	-0.607122904392551	-0.682180173231368	-0.234939329903129	-0.940938031532071	0.234887310927557	1.60181844806854	0.2119183728939	0.495638185394637	-0.396281974954228	0.00729483142889842	-0.0251982356483546	-0.024901450387463
"96"	-0.760949447976212	0.361613472857254	-0.0383820049983872	-0.225772377393715	0.981878617086484	-0.569190219971401	1.59551543715176	0.332799598064371	0.462647280013702	0.525172103946462	-0.443536525601943	0.017989921105798	-0.0129995978715798	-0.0254363712418866
"97"	-0.9493417310214	1.35978738805357	0.27360158280197	-0.671772812133642	-0.118068967287992	-0.946447402401089	0.366250041363116	1.50187362809542	0.150878782618313	0.0539416752235259	-0.546094532721345	0.00809269463075757	-0.0356332117698341	-0.0239650891525219
"98"	-0.919430631995099	1.50694498161157	-0.582784496638985	-0.675322683493464	1.27648075348133	-0.755023137659312	1.85777554871838	0.0923571795869308	0.372624408873174	-0.443686098928774	-0.403740172525705	0.0462158563173428	-0.0330219568478871	-0.0235763822342182
"99"	-1.3117302381625	3.91913659724676	-1.3744329971609	3.93396193680301	-1.34654773676598	4.39738112237201	3.71305087248659	2.46392188283025	-3.874106909152	-1.01996389681536	0.517824407745693	-0.0210754999903711	-0.049133001326677	-0.0131800551704402
"100"	-1.08779756005727	2.27760309441019	-0.801884018643597	2.72848685569867	-2.60255686843628	0.432148718064007	-0.406482241494119	-0.184333411895652	2.68425877073724	-0.0794796218505945	-0.697094894548769	-0.00871852811755003	-0.149884148081754	-0.0387442000231771
"101"	-0.442441721229728	-3.70472960362277	0.878556701330334	-0.635147708247676	-0.199320795607585	1.245034823875	-1.21839558364009	0.948309666763367	-0.543852078349113	-0.821881959892969	-0.674259809154296	0.291989794174628	0.131507678149357	-0.0240837905580849
"102"	-0.492151994714011	-3.49426084526447	0.509500099554496	-0.609572503806134	0.590015820930207	1.36974258368514	-0.299600191032822	0.074963438471468	-0.347049896559825	-0.746022510120072	-0.452672863813305	0.266411285975711	0.152166829743231	-0.0254321423713768
"103"	-0.973471038613771	-2.29446870797509	0.109462250907637	-1.03926468764003	-2.4080874279845	1.73729029978856	0.0584706103092442	-0.415634493962593	-0.286246376158689	-1.05955199359949	-0.352499560078227	0.202187307815363	0.170106235669468	-0.02549068629713
"104"	-0.646814173249775	-2.42796924681333	-1.46358774627682	-0.965360182739988	0.730118843236064	1.2264087495646	-0.292401661613541	0.0242528007457333	-0.159421358085313	0.107796925921108	-0.396006356935543	-0.725542272100722	0.267184405783193	-0.0292474881176638
"105"	-0.866893495351674	-1.43939129082225	-1.38156864802052	-1.2985872777176	0.90119215946584	1.07606299741963	-0.0159071666273158	-0.228261436739032	-0.199938071532658	-0.474054379194891	0.0466581591404973	0.179467355417262	0.188735225896669	-0.0275508626924441
"106"	-0.950528734592332	-1.19190353506512	-0.947341059260984	-1.29158394964301	1.04567786905452	1.04477917657768	0.047796203166642	-0.277274869701379	-0.171764202984168	-0.327983346211251	0.170846343510862	0.132711595504408	0.202633644716099	-0.0288553920402371
"107"	-0.953474213498737	-1.14508672065139	-1.73395470059665	-1.23183456034138	1.0271456121032	1.08064525643103	-0.0370046691081342	-0.224719586078394	-0.000803250680163372	0.718563287773747	0.0814543486766027	0.102577019650594	0.229087914127724	-0.0298226277446166
"108"	-1.11396461257829	-0.762723440172499	-0.654470331879359	-1.30685489059019	-0.326174211993184	0.869020511456325	-1.36713395490211	1.0326648590137	-0.18407613461558	1.25880721975006	-0.0324015423854921	0.0271714156018902	0.237266816859509	-0.0307277664429268
"109"	-1.59070322142983	0.529894404707532	-1.12510151918203	-1.73677156395976	-1.77414723230816	1.39408633432567	0.591438939234455	-0.94425054795666	0.0125691059625182	-0.0954153065714995	0.4663819507255	-0.0158266088233923	0.253004199663031	-0.0312929068613853
"110"	-1.38427885972342	0.670497247992855	-0.600823074974873	-1.81126595497206	0.0578359727181838	0.620486146869848	-1.02386092527237	0.731162287247577	-0.295519600529362	0.135757086286316	0.327796382675247	-0.000598720943673858	0.229200762671724	-0.0307586280006061
"111"	-1.30335944627926	0.40093044218221	-1.09323327275286	-1.6083780776421	1.29569749933005	0.9197985157742	0.419999977903358	-0.637238166039616	-0.0274652559713154	0.0272864086032158	0.348934216424715	0.0287055459937929	0.2387621598162	-0.030694579215572
"112"	-1.47467260563732	0.717586945757738	1.80638939153807	-1.65342817034413	0.193343183395625	0.658636324338065	-0.768840377914002	0.547784535461822	-0.447224217790098	-0.816243752209283	0.272939182501937	-0.0241092285044372	0.213360236785481	-0.0304656765309475
"113"	-1.36137970240744	0.547823098210263	0.295524720638299	-1.54465813417948	1.14967522072095	0.867369599824928	0.171276074798984	-0.367849863037499	-0.154773601505917	-0.306765147488993	0.13308233292885	0.0175897787689118	0.226740943862863	-0.0298617763810691
"114"	-1.33343812440079	-0.346665851982444	3.25752158304753	-0.979984008847579	0.892466344935391	1.11044933452327	0.243554791815351	-0.391549090159929	-0.214345271268361	-0.391626755453902	-0.063980375469322	-0.0283908686626748	0.227863716264342	-0.0307547975640732
"115"	-1.51510864999914	1.43350219810067	0.492151684128243	-1.88355413150478	0.306565200346877	0.591653201102111	-0.757806048874428	0.513418976979693	-0.374717841247391	-0.586238450876336	-0.119692732526438	0.0187308479563621	0.207672314636545	-0.0279608907695765
"116"	-1.40869432581202	1.00126297130324	0.0411707126982274	-1.63003626839383	0.766837229803957	0.808699078105348	-0.232556733794161	0.00152408521615484	-0.166940749753979	0.0201377946969417	-0.351761802051984	0.0367195219687145	0.220182777930643	-0.0276870374531709
"117"	-1.32574475766212	0.44132101034773	0.51570566374443	-1.32797867990269	-0.0293810762121876	0.867203526322246	-1.0847905948436	0.794257847009834	-0.151733215136334	1.17137605794815	-0.855062009833233	0.0234760446901756	0.229388496831764	-0.0272975645284899
"118"	-1.62768145659165	1.02912391294238	-0.50907146581256	-1.52905671474051	-2.36228712343355	1.46704541139553	-0.0238435943215261	-0.36979697295765	0.0689432412418877	0.953411675406436	-0.99798881137275	0.0243352751391884	0.242036336823393	-0.0259289716222033
"119"	-1.38650443442104	1.24403189347218	-0.598188754002209	-1.59462094604847	1.57972741700514	0.938725212080548	0.557420846701433	-0.749485706468959	0.00754388167100631	0.0619158862350967	-0.655828944483662	0.0765013061170216	0.219876130894468	-0.0259503115042508
"120"	-1.27234591343735	1.39722664550709	-0.151613555840221	1.3627587112358	1.5209343631683	2.32578328201179	-0.114960560746298	-0.400727140842492	0.334604534021514	0.239824548276281	-0.50749690201472	0.0471944654985315	0.155222593140611	-0.0327080369681615
"121"	1.44424599373905	-2.50963464409144	-2.24486307146014	1.21191634603682	0.0207960577477481	-1.09015356092654	0.370883667204809	0.43183984216183	0.216623419424507	-0.814382625082935	-0.384313177843519	0.337401524620348	0.103380357299074	0.00790397473695092
"122"	1.39133505959909	-2.41624928772839	-1.8917635973548	1.28713396401078	0.119236972950132	-1.08889714156206	0.378043262863897	0.430901001082137	0.27728360562863	-0.409024112416517	-0.329363905240118	0.290848599394021	0.121039873072991	0.00655589927114576
"123"	1.28645969600334	-2.0324539254725	-1.64964301173035	1.21534931788692	0.150054433170623	-1.12173153159274	0.47903830170838	0.338807691433264	0.287751573560785	-0.463930638053182	-0.26538265799617	-0.696858939241634	0.214152816795061	0.00289431625939609
"124"	1.15087428211031	-2.17674884623698	1.16280370170252	1.4696458410059	-0.624515186863056	-1.17212247326294	-0.235656909717747	1.05853386320728	0.117396468378937	-0.319275389674113	-0.164116925074209	0.149420463569861	0.141632979064435	0.00340839045313032
"125"	1.11652616117637	-2.04333128757572	0.753183042599585	1.52932819039714	0.14179903248159	-1.03114459334959	0.654866595822088	0.209224930856704	0.330441808996041	-0.113772200059828	0.0228505643833005	0.123943372714208	0.164172679135552	0.00203826558083236
"126"	0.610224433948516	-0.283011606660843	-1.30079313812941	0.787309977183549	-2.65133218824407	-0.770867087868192	1.1048479079041	-0.394430660184645	0.443651604078078	-0.42648925348034	0.181992335018477	0.0899634883138415	0.18071602416971	0.00278929438944442
"127"	0.58094195589904	-0.714525190669177	0.389592645754957	1.14887130861928	-2.86363150611692	-0.64831089103488	1.00921830067939	-0.284381083255608	0.477250550823297	0.100569329691817	0.148664752636593	0.0171090633744223	0.201662404492078	0.000773769695606003
"128"	0.688590853612538	0.204595929521903	-0.640135187208692	0.74362948670412	-0.120897865293115	-1.48501952828832	0.224601555615537	0.590942119924792	0.322602366257819	0.102441293702915	0.473440530901378	0.0221622081987229	0.193035956741142	0.000111556266349085
"129"	0.715529734409387	-0.122854866030313	-0.444882342485703	1.03253843681791	0.530289118370078	-1.27626092627342	0.929877642611763	-0.0756655390601615	0.549222703107736	0.697231691613441	0.531399086124385	-0.0158808480227846	0.220955424264851	-0.00166393294518687
"130"	0.717490062392073	-0.896923538222649	2.91849871092795	1.55311348069952	0.457179612012464	-1.09189837065505	1.04750833517356	-0.122191383044236	0.427295950808378	0.231876498343238	0.433682205436257	-0.0657486452441371	0.21607973953608	-0.00265585673625426
"131"	0.464210576430448	1.23310892878478	-0.0987977672037378	0.473801971382544	-0.533696127906284	-1.67560840855274	-0.145802888698145	0.950186412244304	0.211840408159519	-0.129412953694518	0.401105813785863	-0.0183298688948688	0.191493088585327	0.000526101112990699
"132"	0.556421345185803	0.824989413310909	0.0346027590237027	0.746958992663313	0.495308168774047	-1.44144005005168	0.865827672581247	0.00700040534469349	0.400700593874933	-0.127544949393651	0.353952979647812	-0.00241303744089971	0.198838046753496	0.00043184431214864
"133"	0.377713233362158	1.94022958141725	-0.415469465621137	0.232047680311103	-0.334370179458292	-1.78607094545093	-0.042946997131187	0.85876174630769	0.169468511010223	-0.577895590145628	0.289886979804722	0.00362104964387355	0.178912888739172	0.00210763278174812
"134"	0.372045385461398	1.88455813442342	0.258477605498431	0.328608673065278	-0.286195496730832	-1.75717805130408	-0.0113205981293953	0.844373523213986	0.148442807634947	-0.665981046174671	0.172562700456194	-0.000402630258296482	0.175845903748925	0.00240378309881925
"135"	0.449858327026127	1.3896912321185	0.3605324495699	0.612562657789573	-0.552675771714507	-1.58112368691681	-0.0874231516289583	0.897299001045061	0.265156951004311	0.144241116357798	-0.183026721840308	-0.00035830870852973	0.187029860937505	0.0027034146089388
"136"	0.560158819341453	0.210282162508016	3.08715772136023	1.33125901521383	0.3008909664226	-1.17287352994241	0.98798287435769	-0.0623854242485154	0.371699750153494	-0.103774364825936	-0.244644653835372	-0.0295577271445193	0.194508992673004	0.00133487994821487
"137"	0.583476216631833	1.23111820791452	-1.1229747135726	0.773737977923398	0.845790164601942	-1.33264362613204	1.16727272186148	-0.305430135702291	0.607232800914334	0.594053471991038	-0.400945084337778	0.0525429888033851	0.199483046228863	0.00373030925394415
"138"	0.622006678348176	0.673854859283803	0.193463596766735	1.07904381326825	-0.71095420411579	-1.37580457297076	-0.441803668423591	1.21076226823549	0.472851007421968	1.81194893725608	-1.00573968082139	0.0163347856621322	0.203492694166146	0.00412810820042326
"139"	0.363649107841096	4.38711207778195	-0.527399361376263	6.91400592115379	0.175453055574058	3.15043587511965	0.531375336868488	3.15522312862937	-2.65283693287611	-1.02188004603622	0.815633288041009	-0.0241719501892084	0.0717221190664065	0.00439857274498937
"140"	0.763589858503805	1.35908352511655	-1.75122834466395	3.34663998824437	0.729193890720241	-0.889223288386707	-0.391922292113647	-0.676838411307375	2.57647429665862	1.34555359760767	-0.800178659760705	0.0598760564109106	0.111133278920931	-0.00753467828522091
"141"	1.56427797421118	-2.95997116120243	-1.83449232190615	-0.0115511320383589	0.141645604493837	-0.388817017867449	0.612806229693917	0.72455143368053	-0.315953190811165	-0.487206401048373	-0.630264023977057	-0.605542232342375	0.236319867718069	0.0274143038390847
"142"	1.43637156741137	-2.43370040339358	-1.99585756761245	-0.140135357317832	0.174584537564733	-0.441542049393124	0.719669402275534	0.616260971843725	-0.259010951291613	-0.291195267116041	-0.395316243201907	0.300075899235189	0.169153978695004	0.0289802909102683
"143"	1.36362013428351	-2.81674612391158	0.649461847077982	0.234213450572481	0.179434998191097	-0.330770319830722	0.845178297942495	0.546894081221316	-0.305749273031542	-0.396335442737795	-0.272791889830623	0.21505724492694	0.182578633104074	0.0266017992785332
"144"	1.13638806477691	-1.28915402423051	-1.06013563029735	-0.445312987534493	-0.206741703374886	-0.717596506572728	0.252720128300862	1.07885120929387	-0.388140205655107	-0.458001536388849	-0.0812004276498661	0.199105246829909	0.183624562712545	0.0269563555289601
"145"	0.803053245678076	-0.927412483379543	-1.36806688184878	-0.458569460585058	-2.62102351221836	-0.0552068281380455	1.29144051353974	-0.0597695914982855	-0.106534256523384	-0.181181482927243	-0.0880092346772313	0.138467029347137	0.218672297568522	0.026146876127672
"146"	0.953247194716318	-0.842812959584538	-0.366392970879524	-0.429967729031471	-0.863519835120898	-0.784307769398926	-0.275864193218289	1.56972239744275	-0.355749416253243	0.412979873797404	-0.0474347692372405	0.0967081526603394	0.21559463321211	0.0246630560379118
"147"	0.818815742605505	-0.322495477645192	0.142580560080033	-0.547805777809776	-0.67751408116346	-0.882051616510415	-0.174946324043938	1.49319285848182	-0.384997823351164	0.16633919824913	0.180178287287574	0.0501294459448564	0.223209739762632	0.0234776559129614
"148"	0.719047778293972	-0.403902331837982	2.21074053551759	-0.314521420325321	-0.101327823813981	-0.754245044850353	0.582593616045078	0.82529671685186	-0.376355938131698	-0.416418569317633	0.490333413141237	-0.0174602501890864	0.234088234638098	0.0212369927511306
"149"	0.832670601570858	-0.261506839984305	-1.51698144394383	-0.372920448856409	0.632259896873431	-0.62085178097677	1.13232661044985	0.220165679051876	0.110259435446423	1.4664776285457	0.321595663060981	0.00851123007912158	0.277169488441612	0.0210271350048261
"150"	0.2956641978719	0.662400371867652	1.27312843729336	-0.62490315623543	-2.37392619746831	-0.203699479598231	1.76671685312946	-0.4547190459208	-0.129592546709128	-0.627173926045458	0.514129979136826	-0.0579680834198723	0.258841391142902	0.0215476423418915
"151"	0.69436415262357	-0.54853789189053	3.3234990255909	0.0219398612296088	0.731315528097208	-0.515157730608802	1.52972620991881	-0.0461402229396554	-0.189126001298125	-0.255171385442279	0.401671104065243	-0.0545909562469238	0.252963572098759	0.0203121892389172
"152"	0.726422510147996	0.254574404003021	-0.522234136224439	-0.432022928782747	0.752301331961362	-0.648485329414338	1.31982864513481	0.0708411193972064	0.0233882129539124	0.797146720641612	0.104332529095406	0.0146685977949392	0.261052615023821	0.0226280216868149
"153"	0.698924025890587	0.351210080297543	-0.0304520425496526	-0.410794995534001	0.821171913502645	-0.64149326060981	1.40542822798222	0.00277361045629319	-0.00414210530212809	0.578103480043325	0.0286141479013968	0.0143156333889226	0.256148527300046	0.0230566237310429
"154"	0.56320797038109	1.07455491077009	0.00149809813351795	-0.737323412061086	-0.424900670937115	-0.935445497303601	0.115218992280247	1.21211550084031	-0.238012563802633	0.622754282780878	-0.210170340593161	0.00629788134369291	0.241667306455214	0.0244955607698214
"155"	0.515502967030497	1.53431259754521	-0.42648774824718	-0.917405378972687	-0.292550074686788	-1.02186338913233	0.14490561479231	1.18399429427661	-0.258088418643299	0.397348395168337	-0.256783111312928	0.022172981992973	0.234665479057535	0.02543486071421
"156"	0.50975782616175	1.45885392872336	0.301339554541803	-0.80960435384516	-0.259936952442233	-0.985489132662329	0.1811419349662	1.16542720144815	-0.279286893175696	0.308938252850194	-0.376253265158162	0.0170771294091235	0.231760910891055	0.0257035039741151
"157"	0.48640493196239	1.6489529167117	0.318209413508588	-0.848409565428661	-0.200422436954809	-1.00074501995172	0.221429395781562	1.13033990775132	-0.285167005499389	0.215829930142114	-0.473332909806311	0.0243265373235287	0.227900670096055	0.0263514696966439
"158"	0.499016606239839	1.93315212246912	-0.660645267038419	-0.919650495178232	1.24335835059253	-0.842338841588544	1.73588088931168	-0.299947223168861	-0.0774114011111513	-0.411475672584732	-0.290543029530393	0.0653822807942752	0.228292240410289	0.0268466453746694
"159"	0.546335837916705	1.4247336596345	0.458463044232852	-0.608534252570605	0.802937842954437	-0.748645358770711	1.33471096857691	0.0878275442730229	-0.0896070708382926	0.121246511251634	-0.619605795427152	0.0468222363853011	0.232340420261208	0.0269049116894366
"160"	0.835434009279287	-0.779625685407862	2.7308709320814	0.535961336906016	0.154348214885383	-0.228973582317691	0.926367605446891	0.472762348153149	0.126954959472138	2.24032848059033	-1.40519925384451	0.00256568378919209	0.26543251677582	0.0256417485033299
"161"	1.02383541859127	-2.63448364518149	-1.97795980591938	1.30966281614072	0.356236657252671	0.455657334783888	-1.56889414769768	-0.900046285563515	0.273042233443595	-0.880694701931798	-0.418524241785513	-0.614322953162305	0.154912482589077	0.00893888203611762
"162"	0.995416219840801	-3.54715401733038	1.68816964985797	1.97452996707826	0.287686974418651	0.677157011282867	-1.4790762068751	-0.92214205315694	0.24850392828646	-0.6565097852313	-0.302349575935013	0.225284438991866	0.0928744077857767	0.00844964122837393
"163"	0.625578333284309	-0.860768637463134	-1.69990917481618	0.683073571527274	-0.573981780170022	-0.0272163627126663	-2.62312712042469	0.101489596987513	0.0461108838734193	-1.04704305302173	-0.0189689919633213	0.233207844972473	0.0807097029011265	0.0102111219678329
"164"	0.768912417286031	-2.36224464827347	0.542441814866981	1.6046627008076	0.386698761266131	0.528990019031898	-1.34024117593387	-1.08071171970098	0.369251372649338	-0.261952730390156	-0.0354112231208642	0.163666192927573	0.120721567405371	0.00692042551609279
"165"	0.62695268704392	-1.217441213896	-1.42938227262619	1.11601679829948	0.634118706510376	0.320869854322747	-1.26440636295446	-1.1835528234258	0.448952990224796	-0.131089207760641	0.16499077181384	0.158811669427215	0.131342908859804	0.0068973011355918
"166"	0.51647214028507	-0.631266001602998	-1.93204751267215	0.93701617295328	0.77674322991108	0.242845093453582	-1.15130402575719	-1.29925861139211	0.506211830734088	0.00795124733463743	0.317934968163953	0.127967172170557	0.144633338930727	0.00608247684425459
"167"	0.102252287879379	-0.519168593264576	0.418119156460081	1.10290539633735	-2.51094708105045	0.845759107041806	-0.848249132224153	-1.69751229519818	0.520849541763633	-0.167958886614391	0.289141129068052	0.013714465692034	0.16835886980597	0.0045588429664233
"168"	0.255415985425815	-0.463670814302229	1.86445276486886	1.1772282526022	-0.00184875702087926	0.171579908317065	-1.74046619668369	-0.67911452268555	0.293855280262142	-0.161688170994116	0.528975915915373	-0.025733884292699	0.162083591895322	0.00265270565313323
"169"	0.0930321014787106	0.64627595609527	0.274828266306759	0.701343049732947	-0.362465621806494	-0.0883558919525917	-2.22272545906789	-0.257607503825361	0.294792249616755	0.180374224620889	0.616297117932957	-0.0443790239502641	0.171500251108002	0.00269919548607791
"170"	0.015519810825781	1.45660299259302	-1.15016920857978	0.329170958770864	-0.245995437032179	-0.211269795189077	-2.10991386674555	-0.387319841708987	0.311845192548137	-0.0523442544443605	0.600232916365453	-0.0116956197790424	0.16428102629064	0.004149538321603
"171"	0.0473270396792116	1.17779481765244	-0.271404814120543	0.555339938259178	0.404454768871181	-0.0562930743456955	-1.43370266152811	-0.999878684324511	0.375128176351382	-0.343656886732144	0.579584577095268	-0.0118939195707047	0.164364899633884	0.00401868714444306
"172"	0.151187352337333	0.660488229552257	-0.163541502544885	0.869769841955843	1.03785480564325	0.178215376801335	-0.764625757261965	-1.63063253723882	0.558419884777813	0.0187607084743037	0.40881836100476	-0.00084515735025939	0.174677869187801	0.00400428938072505
"173"	0.0903111026224389	0.202908260219841	3.06569018946516	1.23156006076359	0.613806115248103	0.279439562620135	-0.891089156238496	-1.45386732966163	0.368484756225008	-0.610578513506156	0.33198610356458	-0.051889699898138	0.164776735991623	0.00334566945896795
"174"	-0.100131805641606	2.01645202436735	0.182543072737081	0.311033376520472	-0.0261304406331084	-0.221132105477994	-1.84030628857187	-0.604780585934354	0.221037589829597	-0.807883936833656	0.278525088666237	-0.00329417822234368	0.145215533508277	0.00619432343890262
"175"	-0.00792103688625069	1.60833250889348	0.315943598964521	0.584190397801242	1.00287385604722	0.0130362530230715	-0.828675727292482	-1.54796659283396	0.40989777554501	-0.806015932532789	0.231372254528186	0.0126226532316255	0.152560491676446	0.00610006663806045
"176"	0.0822451877063776	1.53276010768425	-1.14843321895955	0.627229536169589	1.2549315073766	0.0990351615113536	-0.676973687392009	-1.7258261358431	0.604905584244318	0.0301207437331464	-0.0534494884665469	0.0447541762252115	0.163683245609979	0.00702144094594645
"177"	-0.152502478079976	2.31092736032891	0.733379428182917	0.340930662338894	0.00302654932673547	-0.183953339288683	-1.71373638522041	-0.714551017467317	0.215434380843937	-0.959371817149714	-0.0679041042811511	0.0080944773582163	0.136927935922715	0.00783827050551201
"178"	-0.0929072563431977	2.20201617676196	0.339936309128068	0.422372090963924	0.0655824075187848	-0.172833950046687	-1.88249179138304	-0.561740140600397	0.281359605289619	-0.401059805868981	-0.328345065372847	0.0205494617113818	0.141077329342353	0.0084907725608797
"179"	0.0932610961475814	3.09291738286349	-1.54166827268804	5.85239165100727	1.41693403301645	4.95019384900549	0.690933669232047	1.13011466184501	-3.48102154580292	0.44270821565652	0.502289658854972	0.00933729684019124	0.141147136797524	0.0167830516323024
"180"	-0.277897133724061	2.56596108378945	-0.459725019919832	1.76982085240285	-1.80083549958002	0.847586530338343	-0.917420220798991	-2.56459721025685	1.57157175693415	-0.616489348208573	-0.467069105945318	0.0185480664581029	0.109884489617597	0.00304889462084203
"181"	1.97393577082348	-4.01214076292748	1.70469644373298	0.649738475856887	0.177671458961685	1.07603220479757	0.0640707301336824	0.798772978576362	0.755401953278941	-0.632778711989806	-0.489613878880434	0.260968429805969	0.0206971651668857	0.00704464817040903
"182"	1.78628957896637	-2.302084073665	-1.60458970715022	-0.155408085616393	0.39272334278013	0.771213659998642	0.164717805813617	0.646591511223996	0.838248589493602	-0.708727781117896	-0.312170584510131	-0.664569546109919	0.108672039490062	0.00527439647224849
"183"	1.69569492932499	-1.81658786461666	-2.2317999663642	-0.281603052682056	0.543247910662836	0.708769035165013	0.229649781816507	0.57189635934566	0.938558365841225	-0.246197266837665	-0.128327839118787	0.249480329403114	0.044638748314717	0.00695874935119985
"184"	1.56571469859506	-2.16326263541824	1.32543257273909	0.0799094496592645	-0.343128772551056	0.703568464333294	-0.497152727962404	1.3152350094371	0.721412388082241	-0.29548899919054	-0.116025055302991	0.138896690835613	0.051941424235239	0.00462606482452156
"185"	1.07358839003824	-0.804964499690686	0.560454727841257	-0.407549976738831	-2.52154571805103	1.16426783393236	0.81170444953913	-0.0697383655519327	0.876769710018728	-1.19067378596951	0.214713765138343	0.0916031183125209	0.0691091138478179	0.00444689410395588
"186"	1.44637711118285	-1.74672871774574	1.03338748009258	0.120612811207164	0.461902951496082	0.827292090251504	0.446195455227537	0.414843403525625	0.987976632469832	0.178597723972032	0.165822230439696	0.070606434113995	0.0902703467821581	0.00209353411076256
"187"	1.14672755834719	0.094910623736332	-0.111764031091006	-0.660311428338958	0.964464495208557	0.471237318280957	0.845451339741241	0.042827994878207	0.883769226991902	-1.11258638341344	0.735925922160063	0.0582075375422605	0.0808799397116179	0.0020962836991871
"188"	0.839723764926374	0.373758521877409	-0.862449076852888	-0.674491534799443	-2.26948836733394	1.05404522163453	0.977273332027086	-0.263932157017957	1.13846217249454	0.00482046425841837	0.454463253243533	-0.00628803349559803	0.120722365814876	0.00170393013691955
"189"	0.916998703616998	1.11836632820067	-0.616969071783567	-0.979213704295558	-0.27484037955066	0.153258332216695	-0.540576117460554	1.32060213814652	0.830182282292416	0.0789103160094445	0.665642014388398	-0.0314088293347508	0.107773726749394	0.000799926373676076
"190"	1.05413174862889	-0.489897424846954	2.987542277888	-0.0295148806706668	0.410649239480074	0.684384077038406	0.57019031245801	0.333763518805522	0.947060335430418	-0.0379648797248335	0.537278154338905	-0.0775505806481751	0.119482187762234	-0.00108310543654659
"191"	0.811012612829157	1.59847542402432	0.384428608277111	-1.06951358312663	-0.083162316335854	0.10050746320438	-0.31808297996203	1.14258240217984	0.721715130140124	-0.751151534512822	0.620043620815717	-0.0308345334021917	0.0917685922254649	0.00179789359397428
"192"	1.1102343441332	0.244089134044025	-0.61272737456043	-0.386365169769002	0.849549579579429	0.610150202962984	0.677556108267234	0.164150350208212	1.20528688362727	0.955260506230745	0.154448892859745	-0.00103846339032398	0.127018306706227	0.00154165486640962
"193"	0.878634597298578	1.41359916308423	0.0447617848103932	-0.87766804417552	0.444085065318892	0.293508695138161	0.280335604173132	0.567384051043386	0.907196179324906	-0.367852037778113	0.323368488028797	-0.00677004150037724	0.0987006830710864	0.00271397863474871
"194"	0.762673973762107	1.98868403717556	0.397773547722719	-1.10095139244361	-0.0513836570012888	0.127948593835126	-0.187790899778116	1.01697718035539	0.748968200936932	-0.774856809726652	0.255379493772959	-0.0106261879607309	0.0850664164107019	0.00367047065748862
"195"	0.931695505269208	1.1953085232165	0.328353787314663	-0.657258646414397	0.862508653713309	0.443467552852272	0.682480226164102	0.193977653162414	1.01904418079143	-0.124770106218843	0.0351293802174994	0.00579773020955524	0.101814116965087	0.00346734856161627
"196"	0.947347612727175	1.77019369391636	0.0867636309343437	1.48048087582389	-0.264622624550553	1.5608260883924	-0.706531913523594	1.63488718160286	0.780596211206777	0.494798965350178	-0.0331520495812908	-0.0204257857215704	0.0551056657490952	0.000726834908679574
"197"	0.908215184374307	2.05574900343751	0.4562050391591	1.54975791805864	-0.118650700542849	1.51713623178679	-0.748068723799422	1.58079504848695	0.833057124673023	0.107181091364172	-0.0496132462419233	-0.0186320485353432	0.0410537434158121	0.000511993655202717
"198"	1.03130703197042	1.76159123799674	-0.901912993633737	1.73264678527471	1.04005558828177	1.81478964365245	0.540383433960345	0.337071742788761	1.17185615562075	0.510200065219089	-0.146075946799923	0.0231215586281062	0.056604625324234	0.000888377287584824
"199"	0.869719043155465	3.19539607950688	-0.967230526773073	2.25818764594345	1.53843213581852	1.66070075911083	0.260318018459619	-0.255132591063079	1.86511845087736	-1.30797356739328	0.311741549893552	0.0319330496325587	-0.0164888106057698	-0.0041786267013838
"200"	0.870014031529869	2.77895457239077	1.08827285909994	2.80951017712398	0.0734802625939754	1.62121490701244	-1.38500765187649	1.09500941019597	1.87247160327514	-0.679534147844396	-0.133955207257286	-0.0165183970492015	-0.0309827471711444	-0.00556112540298455
"201"	1.90786389124856	-2.72944849356568	-1.78799254597713	-0.187807870443111	0.351766141268837	1.03220867570363	-0.16853437353953	0.54299460772674	0.704097718853599	-0.690414405247058	-0.476365675062389	-0.633922446757736	-0.0406378531690917	0.00772945776985184
"202"	1.47267670312942	-2.33792003549312	-0.142047645188211	-0.163241771231061	-2.80109470931933	1.57366219835016	0.174899705413728	0.0970911496619099	0.749283143632464	-0.80202129830553	-0.381577109168644	0.208586470799475	-0.0986153844222387	0.00907435567143914
"203"	1.71168439775845	-2.03274117969674	-1.55569426025099	-0.275281622698305	0.506168386735264	0.964469943439223	-0.0262397182313901	0.409728008868916	0.805456985749458	-0.218688498489698	-0.151849165800357	0.225041342250238	-0.0920247748954836	0.00796914243423628
"204"	1.58584169844925	-1.36951476770671	-2.01779544296986	-0.488389392994195	0.671815307329115	0.870175062466842	0.115134506033311	0.269984924961286	0.846472667430933	-0.209291783235807	0.0357144864332382	0.194095427650316	-0.0806148933018045	0.00717609120190504
"205"	1.44817832226219	-0.968572660237919	-1.39381080567864	-0.543864784001025	0.615969574412944	0.846370281676431	0.238162267329579	0.161269645500585	0.840380875545534	-0.336871369876809	0.216318773985704	0.14274910050562	-0.0698388171509653	0.00591709261168207
"206"	1.43687549933572	-1.65982317954407	1.08925237970339	-0.033087396311954	0.528730446266722	1.0222224916517	0.250583614726801	0.188051938643483	0.858615189116869	0.0765634138669918	0.200365303823062	0.0581361155704242	-0.0488919688329227	0.00345150874392283
"207"	1.12356248237746	0.407885549288745	-0.917947477066911	-0.992634501278946	-0.354515085764446	0.431507601916836	-0.926652974463808	1.26808790821017	0.642512507881926	-0.171359841668004	0.406567127550961	0.0420514358833959	-0.0573253883855622	0.00441739351274053
"208"	1.12408230553275	-0.481584462989383	2.09498408213822	-0.354349578931316	0.0167031241884333	0.731861129133595	-0.311834535458108	0.739889074663378	0.708667606844331	-0.101051614150764	0.505753938521978	-0.0454347952313936	-0.0353472923400908	0.00146505444587347
"209"	1.12086853904701	-0.0224631170099045	-0.226388571838326	-0.510898162047844	0.878503027452717	0.794360412723016	0.47276998386637	-0.0457558577124776	1.02387717945808	0.618983771991974	0.614034029278968	-0.0388749393006041	-0.00789844617942605	0.000911716059364698
"210"	1.23036393488214	-1.33589018708151	2.85304408028563	0.248426896481591	0.644236740743077	1.0926138090639	0.392497466956124	0.0759793698927361	1.01565253895343	1.06113475761149	0.273980957406467	-0.0880328151191132	0.000389708432505576	-0.000232619144744975
"211"	0.8994758947006	1.04603703942578	0.68742382217561	-0.919472285170559	-0.232985433394997	0.440106158828243	-0.676027146799948	1.05882647071907	0.681255650409499	-0.0754989763715086	0.429243558133333	-0.051826881766771	-0.0352068295471195	0.00277423466854985
"212"	0.898774366799417	1.47110807743833	-0.940393939346427	-1.12110865138419	-0.231627234586415	0.398542856107838	-0.704574989814783	1.04930061254207	0.779524387479962	0.340001243770184	0.240082077148421	-0.0186363908792324	-0.0330233119782663	0.00411571220904477
"213"	0.682236243032283	1.27092508433748	-0.487136362895048	-0.889217157103113	-2.03417634222902	1.23316350938105	0.957531922991428	-0.650796357304697	1.07089441664444	0.0569251313957195	0.117745134565692	-0.0366597422877036	-0.0136809262548482	0.00433778747205791
"214"	0.777306897131034	1.9651626616158	0.530851607815223	-1.20358789342713	0.0464568518689019	0.320924650015504	-0.46381833570269	0.870104334826916	0.622924512828167	-0.744553652085238	0.25305176911407	-0.0244688942177957	-0.0528455498715856	0.0049519250462049
"215"	0.809110674012703	1.72123658023002	0.700718392198575	-1.03319537592525	-0.135394671052429	0.440687291769975	-0.459715149172048	0.855096794568765	0.691081950871203	-0.322938022787835	0.00346658896472019	-0.0236566520161395	-0.0474656549385013	0.0053443827905085
"216"	0.934773318878378	0.464776310922502	3.38677960666181	-0.280391873551306	0.695149669891532	0.865207568847594	0.587418989747166	-0.0805503347834853	0.813867908848202	-0.44130976413018	-0.0927707989138255	-0.0527546531088656	-0.0381059747257589	0.00395407507077849
"217"	0.921419976738433	1.39168399464767	0.404026696216576	-0.763767777504747	0.948174866913546	0.671659264629635	0.491847488435981	-0.0392342507589211	0.926306446960284	-0.0247392147940787	-0.232636952339291	0.00598613416122565	-0.0391022011607305	0.00600092134848408
"218"	0.766986681098032	2.2174782421392	0.452690408588633	-1.12616230215551	0.0300988774353997	0.405671736092875	-0.401716421801055	0.801382133336189	0.709097335455426	-0.343116976930695	-0.34931570060747	0.00232235582944423	-0.0557233557486089	0.0073578685390579
"219"	0.834534488660221	2.25693535656914	-0.583959457800298	-1.08936526784344	1.4744094451789	0.587182447119516	0.971165780998262	-0.496732916612911	0.952829783900615	-0.578472945939209	-0.270489655644062	0.0432807189549035	-0.050482755970862	0.00776048491179331
"220"	0.860296778117182	2.31330181813492	0.0300020180964717	0.277040638741954	0.660091450742001	1.42492369934191	0.169061645543834	0.689151240113847	0.454030406835801	0.019882130401202	-0.438370515185154	0.0153924714650103	-0.0670430999663158	0.0076995560709086
"221"	1.37162792352127	-2.89113127629857	-1.6871715024034	-1.10781595614378	0.538192510122395	1.47984552183915	-0.775782559790531	-0.325992843550782	-0.637920927782984	-0.528924993314907	-0.575927727155371	-0.631988923933705	-0.0586865602717618	0.00700550384912027
"222"	1.2810332738799	-2.40563506725023	-2.31438176161739	-1.23401092320944	0.688717078005101	1.41740089700552	-0.710850583787641	-0.400687995429118	-0.53761115143536	-0.0663944790346757	-0.392084981764027	0.282060951579329	-0.122719851447107	0.00868985672807141
"223"	1.1587320502432	-2.08174415947848	-1.73096118165327	-1.25537916926658	0.609848947895784	1.40986623631833	-0.616094709558808	-0.485365978948492	-0.527459784492944	-0.0643303258342887	-0.246100150095043	0.230816041777896	-0.110063226819025	0.00740908507884247
"224"	1.05070142412134	-2.39214227934354	1.40099040126943	-0.925584553661143	-0.135919703313151	1.37867595207544	-1.35655652884901	0.267530685160092	-0.717481384251673	0.0232535823193477	-0.250282945779571	0.1285627298026	-0.101508501528026	0.0052165394189381
"225"	0.944020886873221	-1.319986445619	-1.05746585445601	-1.36967626388439	0.862119353766394	1.31251780117158	-0.41475100091244	-0.657573973295724	-0.494496488657415	-0.0386069788265275	0.0768261982109454	0.140942863969288	-0.0860172309555214	0.00500746906660634
"226"	0.751449637628445	-0.590888826225705	-0.439881017105228	-1.62186881499985	-0.31023564314593	1.00562796389661	-1.70847444844822	0.567031384861985	-0.703197998265463	0.245143862760452	0.0534028209384953	0.0759307061298694	-0.0828478682503092	0.00441693779198819
"227"	0.496131250460426	-1.00696982347278	0.587215287994762	-1.21225194109807	-2.39805841976016	1.91875765440672	-0.139953205519307	-1.05134696536147	-0.341384142979497	0.572742041526666	0.0278792760477485	-0.0036472530495758	-0.0395985276231393	0.0025601456024076
"228"	0.699936293551199	-1.10117084486041	1.50635267084418	-1.05926774759866	0.838636618911558	1.40281058959049	-0.194471442089119	-0.831175451638504	-0.408851967634371	0.515932413212939	0.3598017560674	-0.0257595280239988	-0.039123327938474	0.000446289258280943
"229"	0.432828960574176	0.798489996224505	-1.0518231676813	-1.95842119945441	-0.177059730746413	0.869503277142075	-1.44651532202817	0.298111651559313	-0.544335608714179	0.781789682693877	0.438196582490006	-0.0352345737533778	-0.0399785471672371	0.00153038229222449
"230"	0.632679356953458	-1.18936817102625	3.11612135316775	-0.808009769017835	0.922752698369222	1.47517017478655	-0.101663171025138	-0.889157265150093	-0.391338742994416	0.704049210178087	0.312896728847413	-0.0865049616681353	-0.0251811925791371	-0.000869480829452606
"231"	0.131412039438297	1.07682356807213	-0.365559271285323	-1.89052346418224	-1.84356629461192	1.63126892503618	0.373576521035245	-1.53740066548435	-0.323991098341778	-0.113294398043323	0.355111944296348	-0.047486359302177	-0.0318561793240247	0.00246000845662465
"232"	0.356327204891514	1.16851015239271	0.130697637358734	-1.92381115818516	0.653385973938571	0.943850467640113	-0.567421804566066	-0.489128701684692	-0.558131027183827	-0.214963926953822	0.357575028464036	-0.0234840724526424	-0.0548125156754315	0.00272754068181438
"233"	0.338988985574591	1.41663134952253	-0.339538995362631	-2.02675413455719	0.0621357153190261	0.829807960300314	-1.27693416453219	0.163907752025813	-0.600436706309122	0.283208341213387	0.0652431355654329	-0.0168310147503344	-0.0567063979443162	0.00382868951153181
"234"	0.308311518021621	1.31823835547678	0.959931080330832	-1.88806876355199	0.0622774032789704	0.880689550168258	-1.176855074156	0.0960778250881129	-0.66267848784171	-0.0646648515895107	-0.00261450727769646	-0.0312602359012994	-0.0624684600862457	0.00388988368490053
"235"	0.382602838114241	1.14592949600722	0.461189244860989	-1.73272590280817	1.42073671510597	1.13026962864823	0.247993637809869	-1.24648947334483	-0.419431403374656	-0.298699829424512	0.0575966858507808	-0.000283674453272681	-0.0556562910184675	0.00399760636683399
"236"	0.354421850457189	1.3299159286005	0.209190984254464	-1.82050430468743	0.0135073503141881	0.950208232676953	-1.24011880736415	0.131113488628475	-0.539599750080448	0.65345715220276	-0.423523993828149	-0.00759150509565859	-0.0569736725225969	0.0052841319925702
"237"	0.354459703910449	1.38410361130886	0.585975854444501	-1.75199015310479	1.1806460301534	1.08675587055872	-0.0588569236801502	-0.956296293919096	-0.448198517331932	-0.122537282544705	-0.262960092665309	0.00771682229873027	-0.060912005217887	0.00532051354576451
"238"	0.325481365186167	1.45407949840175	0.689277249064102	-1.76304183965886	-0.00128861473048676	0.995161523832504	-1.15844628600015	0.0606092205270981	-0.539150075585293	0.595402280883882	-0.670727667630682	-0.00238008474782421	-0.0615634461369253	0.00630762039381694
"239"	0.451144010051842	0.197619229094231	3.37533846352734	-1.01023833728491	0.829255726213474	1.41968180091012	-0.111312147080931	-0.875037908825152	-0.416364117608293	0.477030539541537	-0.766965055509227	-0.0314780858405506	-0.0522037659241827	0.00491731267408699
"240"	0.305592638866287	2.11146194060248	-0.493516438244572	-1.96872424285488	1.65874397465069	1.05958500849523	0.352271202599852	-1.35691193943937	-0.36275542856115	-0.251129063321462	-0.538516138648863	0.0515943116981872	-0.0684681900902789	0.00761344353841217
"241"	2.49281718515946	-2.32260202088461	-1.70572919707448	0.543967523526065	0.198530586518674	-0.423146612462211	-0.852398836584757	-1.10216793981218	-1.22091532597997	-0.794789212188841	-0.403375242672272	-0.630471874671469	0.0379261808318151	-0.000120034763576434
"242"	2.11907860724172	-2.2392783616002	-0.222040525593964	0.704962202536873	-3.04641985284208	0.183387390597181	-0.622052305901238	-1.45192221411171	-1.11075726588984	-0.387821145881759	-0.447064500312453	0.212442712258796	-0.0125291565123591	0.00113777090198644
"243"	2.26455915933104	-1.43616370436748	-1.70895481899725	0.362297165453571	0.293209421485209	-0.509396018086251	-0.6644390992856	-1.28557837115122	-1.12669734151775	-0.459838284549611	-0.0389282097284614	0.232231673696869	-0.0153310341926909	0.000305319525151735
"244"	2.18092392009038	-1.18867594861035	-1.27472723023772	0.369300493528161	0.437695131073886	-0.540679838928203	-0.600735729491642	-1.33459180411357	-1.09852347296926	-0.313767251565971	0.0852599746419028	0.185475913784014	-0.00143261537326066	-0.000999209822641428
"245"	2.1682668699263	-1.84429786466239	0.891683932841209	0.854095565299311	0.24468779804148	-0.350798062106133	-0.599193074238272	-1.30987875156923	-1.05494412417593	0.222180032742476	0.0399981163940741	0.104805522895709	0.0214050366011544	-0.00332267018406872
"246"	2.09298897470571	-0.858742775185389	-1.94376530511695	0.410070894986456	0.457880378825058	-0.522068013070004	-0.632711924116312	-1.33311919405149	-0.874043616894766	1.00136291596731	0.0907477760928225	0.112528172064236	0.0408108765141665	-0.00312885136848208
"247"	1.99336419636659	-1.58853699888619	2.66997026296632	1.01161830039789	0.392635618776557	-0.336728566248625	-0.413641846309341	-1.45178896303412	-1.02658858876812	0.383382152728926	0.291056772254565	-0.00523456387690735	0.0491925729757974	-0.006355985601608
"248"	1.7551220570947	-0.305891589399427	2.05555525905956	0.479747249886929	-0.205599622141169	-0.674683798722601	-1.08051465970564	-0.833161585051566	-1.16761596150579	0.183504798431618	0.474886003261651	-0.0416799711153361	0.0488583870925457	-0.00644975726457305
"249"	1.71684021091586	0.323926761849599	-0.116393928115404	0.246640067275408	0.649973996855496	-0.665020785817629	-0.323865179525122	-1.58493650494982	-0.903414604184021	0.638721700469939	0.646966308793365	-0.0370765242366685	0.0716179576641156	-0.0069459154076455
"250"	1.53938147234772	1.2618305855378	-0.0310469675983125	-0.173865474505131	-0.474760317350913	-0.987487352343053	-1.44475994074596	-0.529651106750043	-1.16749264153163	0.299972288104966	0.517478884941492	-0.0436449539460932	0.0524232700221627	-0.0054552933172733
"251"	1.47515435150321	1.86797349314187	-0.845714608195503	-0.43321075794479	-0.394251967995263	-1.0847158716309	-1.38942255243392	-0.592744307108768	-1.17452592074191	0.0686402077967851	0.480825347362375	-0.0217272582331977	0.0453344749808278	-0.00430326648841236
"252"	1.75937002478921	-0.538143454810643	2.82484688625783	0.892612413985766	0.388581442306384	-0.372409620638899	-0.274879246803574	-1.59101887517011	-0.910119405596829	0.885569033876224	0.112974738571554	-0.0702970318297502	0.0728672760321004	-0.00668511149594788
"253"	1.45293096682716	1.71645584473043	0.870623295023552	-0.208720104671993	-0.32133747532927	-1.01452805916687	-1.29836873293769	-0.640831107741703	-1.23962000255788	-0.237096061466264	0.269163496350258	-0.035920421871789	0.0378421049885643	-0.00385611359315904
"254"	1.52282900749711	1.61535574194506	0.0102557799974539	-0.122515167237475	0.263495577185008	-0.877069995974432	-0.72387463978998	-1.19961234916131	-1.05577223937555	0.110168275226214	0.123959739356534	-0.00900404866537491	0.0456878683491385	-0.00328771895419296
"255"	1.42868002542844	2.24873293756008	-0.257160566088414	-0.395993868357953	-0.212642695468804	-1.07246310383031	-1.29202756441893	-0.666762375157435	-1.17929371263992	-0.0398781558135194	0.00472512587533962	-0.00285807767938373	0.0343912436940376	-0.00207770482944535
"256"	1.39093138818523	2.333604977921	0.553832809585047	-0.359635522970348	-0.145465796878415	-1.07176681189944	-1.21187696183149	-0.721478003529399	-1.23558233404144	-0.388707536160459	-0.0462177092909145	-0.00831813447074031	0.0275826045145113	-0.00175808906820602
"257"	1.53374248816948	1.66982628525661	0.381311444826808	0.0344629431898225	1.05386871554556	-0.70692095506953	0.11981268965339	-1.98101041676277	-0.933315774394192	-0.103211367085865	-0.141399147373239	0.0140949319907315	0.0429635445288593	-0.00199588021016728
"258"	1.47364227483918	2.33936766369583	-0.653574314188051	-0.26181040476474	1.23117614103793	-0.827858075873657	0.185860161830705	-2.05455470883759	-0.93364405979651	-0.330127264201034	-0.167512615876053	0.040756890494972	0.0355401989557643	-0.000753012405010159
"259"	1.45396474475771	2.03881812058195	0.66034153037502	-0.0706092492997822	-0.343042377715983	-0.883064895228666	-1.24670895494178	-0.706757447283237	-1.09571103960746	0.495392532695545	-0.666639614059401	0.00551703443366416	0.035112567949905	-0.000241005671529279
"260"	1.390872630232	1.87212388993715	-0.874631711537398	1.61329270044909	-2.22097168241822	1.13672734284934	0.285805934260322	-1.51346182686619	-1.42062026477226	1.63358116036796	-0.868507515980088	0.000553713679585677	0.0605571301111449	0.00134630019610773
"261"	3.40822380138855	-2.39898443704946	-1.77735887201181	0.607994722035382	0.00316705130587246	-0.456842116085142	0.13875215025243	0.19504599677237	-0.0523734712817988	-0.513223618740607	-0.434698660881511	-0.655042954992746	-0.191749180880208	0.00516176115274492
"262"	3.29703377437671	-1.98539348219176	-1.6626361527421	0.539499957623519	0.118851792069807	-0.507326594354404	0.228222127910464	0.112862071475451	-0.00453310815642759	-0.310081245531534	-0.205061947904656	0.246733999881192	-0.258925325082403	0.00656385165859019
"263"	3.17996577556013	-1.51254612053233	-1.78058449393458	0.426324363962889	0.0978458862724081	-0.543091521709182	0.326711887551587	0.0116355654333331	0.0418445131804253	-0.178272691101378	-0.0702516279377004	0.207660593375591	-0.245006395904714	0.00558711544147309
"264"	2.9391794372101	-0.349870248884988	-1.84954258332287	-0.0486225370500701	-0.986220922695298	-0.935240454829529	-0.893549153159362	1.15860180385012	-0.18025702379547	-0.157627149295111	0.000456706599546039	0.15592010702621	-0.246488608781526	0.00544077600945892
"265"	3.03758702850434	-1.68952668173613	0.94174642988518	0.81580132895956	0.118391454408118	-0.433303926038712	0.47677357380122	-0.0847767028086547	0.0648682540387995	0.114814406666544	0.11253306583528	0.0799301905446415	-0.213911970542598	0.00202444490927076
"266"	2.9783981265236	-1.87098457436524	2.52132907889966	1.06051734180085	0.181576976054409	-0.369439935979623	0.552956349945175	-0.127529648829984	0.0721912033317526	0.266720472787484	0.19947301364363	0.012906104324516	-0.198152559689271	0.000109989215180648
"267"	2.62003064011333	0.463597321761908	0.0517003894338405	-0.0340437324991988	-0.825146500447491	-0.967207842231064	-0.527462272605062	0.844910511325725	-0.136109745920286	-0.122316249394875	0.450727125444375	0.00378576008442454	-0.207968483773824	0.00137874586414664
"268"	2.46316586576193	1.24423103780498	0.112761277700495	-0.288315951844788	-0.549083138666461	-1.13140710738284	-0.418201004152026	0.757457974989206	-0.175648151714951	-0.49955685232858	0.729874445529547	-0.0339251996147133	-0.203280502738142	0.000473540386073075
"269"	2.34640839170847	1.84394072170671	-0.38821426889904	-0.473539899134942	-0.464522385970399	-1.20594253858475	-0.315813885899593	0.649712878544697	-0.12062298650721	-0.364508166954699	0.880329925486569	-0.065405325486385	-0.190022110485776	-0.000322703374246586
"270"	2.43823101545391	1.59395191552184	-0.926128198271074	-0.284226077121429	0.891390540527297	-0.945788460695616	1.07227907637512	-0.659547128272289	0.137132433297831	-0.467891257347853	0.906543222024888	-0.0341448277774805	-0.181477507281583	-0.000238928280537012
"271"	2.46248923240746	1.20457747558168	0.27798903683646	-0.0173202522330911	0.726695549196904	-0.844426300198769	0.983255667826463	-0.558553262759049	0.123076212929995	-0.303728642807297	0.694147499362269	-0.0501044728386016	-0.180497439808319	-0.000249017688550098
"272"	2.51524864534348	0.411777651927892	2.31375142248726	0.442099922922465	-0.230386787637922	-0.7489571312394	0.0981531507440349	0.295171187677324	0.0362861465204269	0.453354898436597	0.240765823903024	-0.0905325116044003	-0.176121224057374	-0.000468991193624417
"273"	2.40461048011482	1.60565760172387	0.39175792328858	-0.0982134460074664	0.889894935053	-0.855949439756448	1.18582113214765	-0.743067489923808	0.113249184776892	-0.614707396221406	0.535754613948279	-0.0360978453508186	-0.18884545759342	0.00100003857575711
"274"	2.45893258862976	0.573660858012551	3.34092202319099	0.526330659628198	0.534370186227232	-0.600625495329687	1.11705726175032	-0.636747520803325	0.0676419350337377	-0.445812528925178	0.264014296790904	-0.0836292324614736	-0.184889766872064	7.71054001655379e-05
"275"	2.3675636663726	1.74954336179508	0.818801629377323	-0.0975018297339072	-0.497862292112473	-1.01496225241263	-0.302238643327886	0.649962389803659	-0.0344544383378906	0.246534733511774	-0.0644693277991367	-0.0478327796978248	-0.193587259234196	0.0026012804768698
"276"	2.18337473264938	1.32064329661802	1.2679937430797	0.238537361973686	-2.52495578694692	-0.123130286374767	1.22278442080352	-0.931373912122557	0.292587777869149	0.341935680375887	-0.301091243238541	-0.0691883865547288	-0.168848019555856	0.00275657493965574
"277"	2.21177262490568	1.66622660791864	-0.518014785001733	0.0691818781322962	-2.39114278971909	-0.156824421446953	1.21823287819375	-0.963511254454798	0.420156963208317	0.897533800644556	-0.514445574900705	-0.0322599708457039	-0.164539162032951	0.00407774104435364
"278"	2.31343304888908	2.31678869956431	0.341631910572651	-0.228038274827945	-0.387567404107004	-1.03456869538625	-0.179245559211399	0.5255454102058	0.00135562180347659	0.223005029099921	-0.411507054077036	-0.0184939003757754	-0.201193038027996	0.00472485274493252
"279"	2.51876674793774	2.60048004088055	-0.492812773979307	3.50020442841595	0.166276147414974	0.509815931368857	-0.803670713449317	0.143036190120647	1.15290195880816	0.48086689480967	-0.148261036362751	-0.0262121417965484	-0.29290002961062	-0.00649302985747924
"280"	2.54277110655027	2.80025801454288	-1.27554457489661	3.59687799483259	0.971530679255612	0.615740822728774	-0.0799144118788866	-0.657142311621992	1.40523319359719	0.282528548223621	-0.126722192793693	0.00210902741538521	-0.297342862009271	-0.006649656731253
"281"	3.39850966364711	-2.52626443600005	-1.68523704046883	-0.344668919958372	0.135282320333425	0.262761302811405	0.0962875824530639	0.202838103773614	-0.358046865253086	-0.362867066907752	-0.491063232001617	-0.652521843018285	-0.171604492974892	-0.00463929149533456
"282"	3.35472831234629	-3.3618836084519	2.02145647263563	0.286091086029487	0.0897550346925518	0.467990859207168	0.21437741034308	0.156705040238862	-0.398828329238036	-0.268325890048642	-0.340269110267636	0.186984131792622	-0.235523116255436	-0.00510675924407234
"283"	3.19220124242677	-1.60354946854639	-2.11374361857218	-0.558057164766746	0.370569187304917	0.150522183776194	0.27058801024093	0.0289856864517187	-0.236704502790607	0.108959501237989	-0.143101778558131	0.218512031942258	-0.223609658628921	-0.0040737983398327
"284"	3.06222101169684	-1.95022423934798	1.4434889205311	-0.196544662425425	-0.515807495908975	0.145321612944475	-0.456214499537982	0.772324336543161	-0.453850480549591	0.0596677688851145	-0.130798994742335	0.107928393374756	-0.216306982708399	-0.00640648286651076
"285"	3.0278728907629	-1.81680668068672	1.03386826142817	-0.136862313034194	0.250506723435671	0.286299492857834	0.434309006001854	-0.0769845958074109	-0.240805139932487	0.2651709584994	0.056168494715174	0.0824513025191025	-0.193767282637282	-0.00777660773880872
"286"	2.57727815196384	-0.771116942791418	0.552702298127108	-0.498340206968715	-2.79364131986533	0.686387449167688	0.735836033209051	-0.519507936358818	-0.147515301875719	0.210928954702757	0.0871028866832876	0.0184301590452809	-0.172066779756559	-0.00787869778257397
"287"	2.73947508384112	-0.0806820885098511	-0.658124030300173	-0.780915783184407	0.628733762154995	-0.00415540625933154	0.676056044901106	-0.327057556858447	-0.172557253897806	0.146043055311647	0.489928109468983	0.0343779437797266	-0.17487891261602	-0.00887504572474682
"288"	2.68385569522594	0.0839604743614248	-0.93832860080105	-0.757662797046279	0.51563826758501	0.0251601467987556	0.661458256272491	-0.332134879135257	-0.0612069972496881	0.796426569107358	0.486260605902012	-0.00428979335281998	-0.153437789529358	-0.00993887417788791
"289"	2.42241768035167	1.11901000335316	0.0403872703524454	-1.13725817362849	-0.51289434696124	-0.342615272412846	-0.4561552424933	0.742509212443362	-0.34730077380738	0.43639622285907	0.632874782407447	-0.0721764095554251	-0.159051225245041	-0.0105296895373762
"290"	2.46079362445275	1.03865106097653	-0.0899961966332847	-1.03731947368007	0.11652507975427	-0.225144461248723	0.158309799567738	0.166309164385531	-0.233664880036668	0.397247497130471	0.571651650140538	-0.0561686273161471	-0.156573703481609	-0.0102017181113782
"291"	2.4669324298509	0.86396509850621	0.587359041048415	-0.905797609937372	-0.564581240296142	-0.247990613547905	-0.552564626144528	0.838856446472576	-0.299673139558105	0.90026706117474	0.241448721776697	-0.0699191913110029	-0.156770726966704	-0.009703379891667
"292"	2.42002521796848	1.45708402426666	-0.489482738718451	-1.16782762926225	-0.430772223860755	-0.346961493554762	-0.506305178410925	0.78007945466445	-0.282023442642777	0.8019867563005	0.180094238097079	-0.0433383343811137	-0.162165409721727	-0.00848011061629794
"293"	2.35155227562457	1.69605846402167	0.402638751609209	-1.19968357377403	-0.317550530884073	-0.378805441830324	-0.369610801688618	0.677289234409832	-0.370798381699925	0.193869896270783	0.198390314697788	-0.0490012258589968	-0.17273514585574	-0.00811694873704655
"294"	2.27983196338812	2.32934877590143	-0.53184406502705	-1.47275702895906	-0.279596574780662	-0.454671771462439	-0.249500213298853	0.546388654299617	-0.362302428113103	-0.0390241535964444	0.164699712365426	-0.0254483555683639	-0.179050767694065	-0.00691760110606995
"295"	2.14138379364649	1.73768147452669	-0.283444733441448	-1.06710142008898	-2.18577665034854	0.464437206659559	1.28387675589151	-1.04544789217967	0.012887224403945	0.327250191582053	-0.130022916546728	-0.0428032507395379	-0.150162665525871	-0.00681181752140923
"296"	2.42619512766152	1.79508171625976	-0.77458233885479	-1.09531648982888	1.08002196484364	-0.126401110667562	1.04475181689361	-0.671016338388623	-0.0586698321079948	0.288660899074416	-0.0567495669156871	0.00635245168270449	-0.166594826908477	-0.00651318646749391
"297"	2.66986725491237	0.310395874685586	-0.206657258474024	-0.342566326049272	0.64528449146311	0.223038761752329	0.644420802679691	-0.315444934057066	0.173200068749938	2.27336687581605	-0.748378974954811	-0.00643377620713401	-0.1383589021192	-0.00684173282701606
"298"	2.43230846497067	0.742371925218005	3.51322393064328	-0.366057974457708	0.727185289307126	0.169230424217981	1.11282278656362	-0.665833587821793	-0.181027198721725	-0.0209693138741016	-0.362349630326033	-0.0558920928397932	-0.170133632465464	-0.00735097788149277
"299"	2.25212215539292	2.37451410334578	0.964782088270374	-1.19799570743205	-0.245133863549205	-0.311047820677564	-0.100119326431917	0.429987524713273	-0.34654469067529	0.0198084990869142	-0.511991412204374	-0.0172428553159958	-0.187581945197505	-0.00460785099024506
"300"	2.34943847801233	2.0707449741946	0.722913282815538	-0.979320492470368	1.0932306329131	-0.0809027652758656	1.1469643284422	-0.735895555052796	-0.123371020573906	-0.0867629930593459	-0.497582935245909	0.00872167763323345	-0.180469328303399	-0.00461835376140657
