Confusion Matrix and Statistics

          Reference
Prediction   1   2   3   4   5   6   7   8   9  10  11  12  13  14  15  16  17  18
       1   333 333 333 333 333 333 333 333 332 332 331 330 330 329 329 327 326 324
       2     0   0   0   0   0   0   0   0   0   0   0   0   0   0   0   0   0   0
       3     0   0   0   0   0   0   0   0   0   0   0   0   0   0   0   0   0   0
       4     0   0   0   0   0   0   0   0   0   0   0   0   0   0   0   0   0   0
       5     0   0   0   0   0   0   0   0   0   0   0   0   0   0   0   0   0   0
       6     0   0   0   0   0   0   0   0   0   0   0   0   0   0   0   0   0   0
       7     0   0   0   0   0   0   0   0   0   0   0   0   0   0   0   0   0   0
       8     0   0   0   0   0   0   0   0   0   0   0   0   0   0   0   0   0   0
       9     0   0   0   0   0   0   0   0   0   0   0   0   0   0   0   0   0   0
          Reference
Prediction  19  20  21  22  23  24  25  26  27  28  29  30  31  32  33  34  35  36
       1   322 319 288 262 224 201 179 165 155 143 134 126 119 109 100  96  88  82
       2     0   0   0   0   0   0   0   0   0   0   0   0   0   0   0   0   0   0
       3     0   0   0   0   0   0   0   0   0   0   0   0   0   0   0   0   0   0
       4     0   0   0   0   0   0   0   0   0   0   0   0   0   0   0   0   0   0
       5     0   0   0   0   0   0   0   0   0   0   0   0   0   0   0   0   0   0
       6     0   0   0   0   0   0   0   0   0   0   0   0   0   0   0   0   0   0
       7     0   0   0   0   0   0   0   0   0   0   0   0   0   0   0   0   0   0
       8     0   0   0   0   0   0   0   0   0   0   0   0   0   0   0   0   0   0
       9     0   0   0   0   0   0   0   0   0   0   0   0   0   0   0   0   0   0
          Reference
Prediction  37  38  39  40  41  42  43  44  45  46  47  48  49  50  51  52  53  54
       1    76  70  64  55  49  46  43  39  37  36  33  32  31  31  30  29  27  27
       2     0   0   0   0   0   0   0   0   0   0   0   0   0   0   0   0   0   0
       3     0   0   0   0   0   0   0   0   0   0   0   0   0   0   0   0   0   0
       4     0   0   0   0   0   0   0   0   0   0   0   0   0   0   0   0   0   0
       5     0   0   0   0   0   0   0   0   0   0   0   0   0   0   0   0   0   0
       6     0   0   0   0   0   0   0   0   0   0   0   0   0   0   0   0   0   0
       7     0   0   0   0   0   0   0   0   0   0   0   0   0   0   0   0   0   0
       8     0   0   0   0   0   0   0   0   0   0   0   0   0   0   0   0   0   0
       9     0   0   0   0   0   0   0   0   0   0   0   0   0   0   0   0   0   0
          Reference
Prediction  55  56  57  58  59  60  61  62  63  64  65  66  67  68  69  70  71  72
       1    25  25  25  24  23  22  22  21  20  19  19  18  17  16  16  15  14  14
       2     0   0   0   0   0   0   0   0   0   0   0   0   0   0   0   0   0   0
       3     0   0   0   0   0   0   0   0   0   0   0   0   0   0   0   0   0   0
       4     0   0   0   0   0   0   0   0   0   0   0   0   0   0   0   0   0   0
       5     0   0   0   0   0   0   0   0   0   0   0   0   0   0   0   0   0   0
       6     0   0   0   0   0   0   0   0   0   0   0   0   0   0   0   0   0   0
       7     0   0   0   0   0   0   0   0   0   0   0   0   0   0   0   0   0   0
       8     0   0   0   0   0   0   0   0   0   0   0   0   0   0   0   0   0   0
       9     0   0   0   0   0   0   0   0   0   0   0   0   0   0   0   0   0   0
          Reference
Prediction  73  74  75  76  77  78  79  80  81  82  83  84  85  86  87  88  89  90
       1    13  12  12  11  10   9   9   9   8   7   6   5   4   4   4   4   3   3
       2     0   0   0   0   0   0   0   0   0   0   0   0   0   0   0   0   0   0
       3     0   0   0   0   0   0   0   0   0   0   0   0   0   0   0   0   0   0
       4     0   0   0   0   0   0   0   0   0   0   0   0   0   0   0   0   0   0
       5     0   0   0   0   0   0   0   0   0   0   0   0   0   0   0   0   0   0
       6     0   0   0   0   0   0   0   0   0   0   0   0   0   0   0   0   0   0
       7     0   0   0   0   0   0   0   0   0   0   0   0   0   0   0   0   0   0
       8     0   0   0   0   0   0   0   0   0   0   0   0   0   0   0   0   0   0
       9     0   0   0   0   0   0   0   0   0   0   0   0   0   0   0   0   0   0
          Reference
Prediction  91  92  93  94  95  96  97  98  99 100 101 102 103 104 105 106 107 108
       1     3   3   3   2   2   2   1   1   1   1   0   0   0   0   0   0   0   0
       2     0   0   0   0   0   0   0   0   0   0   0   0   0   0   0   0   0   0
       3     0   0   0   0   0   0   0   0   0   0   0   0   0   0   0   0   0   0
       4     0   0   0   0   0   0   0   0   0   0   0   0   0   0   0   0   0   0
       5     0   0   0   0   0   0   0   0   0   0   0   0   0   0   0   0   0   0
       6     0   0   0   0   0   0   0   0   0   0   0   0   0   0   0   0   0   0
       7     0   0   0   0   0   0   0   0   0   0   0   0   0   0   0   0   0   0
       8     0   0   0   0   0   0   0   0   0   0   0   0   0   0   0   0   0   0
       9     0   0   0   0   0   0   0   0   0   0   0   0   0   0   0   0   0   0
 [ reached getOption("max.print") -- omitted 99 rows ]

Overall Statistics
                                          
               Accuracy : 0.0322          
                 95% CI : (0.0289, 0.0358)
    No Information Rate : 0.0322          
    P-Value [Acc > NIR] : 0.5076          
                                          
                  Kappa : 0               
                                          
 Mcnemar's Test P-Value : NA              

Statistics by Class:

                     Class: 1 Class: 2 Class: 3 Class: 4 Class: 5 Class: 6 Class: 7
Sensitivity           1.00000  0.00000  0.00000  0.00000  0.00000  0.00000  0.00000
Specificity           0.00000  1.00000  1.00000  1.00000  1.00000  1.00000  1.00000
Pos Pred Value        0.03224      NaN      NaN      NaN      NaN      NaN      NaN
Neg Pred Value            NaN  0.96776  0.96776  0.96776  0.96776  0.96776  0.96776
Prevalence            0.03224  0.03224  0.03224  0.03224  0.03224  0.03224  0.03224
Detection Rate        0.03224  0.00000  0.00000  0.00000  0.00000  0.00000  0.00000
Detection Prevalence  1.00000  0.00000  0.00000  0.00000  0.00000  0.00000  0.00000
Balanced Accuracy     0.50000  0.50000  0.50000  0.50000  0.50000  0.50000  0.50000
                     Class: 8 Class: 9 Class: 10 Class: 11 Class: 12 Class: 13
Sensitivity           0.00000  0.00000   0.00000   0.00000   0.00000   0.00000
Specificity           1.00000  1.00000   1.00000   1.00000   1.00000   1.00000
Pos Pred Value            NaN      NaN       NaN       NaN       NaN       NaN
Neg Pred Value        0.96776  0.96785   0.96785   0.96795   0.96805   0.96805
Prevalence            0.03224  0.03215   0.03215   0.03205   0.03195   0.03195
Detection Rate        0.00000  0.00000   0.00000   0.00000   0.00000   0.00000
Detection Prevalence  0.00000  0.00000   0.00000   0.00000   0.00000   0.00000
Balanced Accuracy     0.50000  0.50000   0.50000   0.50000   0.50000   0.50000
                     Class: 14 Class: 15 Class: 16 Class: 17 Class: 18 Class: 19
Sensitivity            0.00000   0.00000   0.00000   0.00000   0.00000   0.00000
Specificity            1.00000   1.00000   1.00000   1.00000   1.00000   1.00000
Pos Pred Value             NaN       NaN       NaN       NaN       NaN       NaN
Neg Pred Value         0.96814   0.96814   0.96834   0.96844   0.96863   0.96882
Prevalence             0.03186   0.03186   0.03166   0.03156   0.03137   0.03118
Detection Rate         0.00000   0.00000   0.00000   0.00000   0.00000   0.00000
Detection Prevalence   0.00000   0.00000   0.00000   0.00000   0.00000   0.00000
Balanced Accuracy      0.50000   0.50000   0.50000   0.50000   0.50000   0.50000
                     Class: 20 Class: 21 Class: 22 Class: 23 Class: 24 Class: 25
Sensitivity            0.00000   0.00000   0.00000   0.00000   0.00000   0.00000
Specificity            1.00000   1.00000   1.00000   1.00000   1.00000   1.00000
Pos Pred Value             NaN       NaN       NaN       NaN       NaN       NaN
Neg Pred Value         0.96911   0.97211   0.97463   0.97831   0.98054   0.98267
Prevalence             0.03089   0.02789   0.02537   0.02169   0.01946   0.01733
Detection Rate         0.00000   0.00000   0.00000   0.00000   0.00000   0.00000
Detection Prevalence   0.00000   0.00000   0.00000   0.00000   0.00000   0.00000
Balanced Accuracy      0.50000   0.50000   0.50000   0.50000   0.50000   0.50000
                     Class: 26 Class: 27 Class: 28 Class: 29 Class: 30 Class: 31
Sensitivity            0.00000   0.00000   0.00000   0.00000    0.0000   0.00000
Specificity            1.00000   1.00000   1.00000   1.00000    1.0000   1.00000
Pos Pred Value             NaN       NaN       NaN       NaN       NaN       NaN
Neg Pred Value         0.98402   0.98499   0.98615   0.98703    0.9878   0.98848
Prevalence             0.01598   0.01501   0.01385   0.01297    0.0122   0.01152
Detection Rate         0.00000   0.00000   0.00000   0.00000    0.0000   0.00000
Detection Prevalence   0.00000   0.00000   0.00000   0.00000    0.0000   0.00000
Balanced Accuracy      0.50000   0.50000   0.50000   0.50000    0.5000   0.50000
                     Class: 32 Class: 33 Class: 34 Class: 35 Class: 36 Class: 37
Sensitivity            0.00000  0.000000  0.000000  0.000000   0.00000  0.000000
Specificity            1.00000  1.000000  1.000000  1.000000   1.00000  1.000000
Pos Pred Value             NaN       NaN       NaN       NaN       NaN       NaN
Neg Pred Value         0.98945  0.990318  0.990705  0.991479   0.99206  0.992641
Prevalence             0.01055  0.009682  0.009295  0.008521   0.00794  0.007359
Detection Rate         0.00000  0.000000  0.000000  0.000000   0.00000  0.000000
Detection Prevalence   0.00000  0.000000  0.000000  0.000000   0.00000  0.000000
Balanced Accuracy      0.50000  0.500000  0.500000  0.500000   0.50000  0.500000
                     Class: 38 Class: 39 Class: 40 Class: 41 Class: 42 Class: 43
Sensitivity           0.000000  0.000000  0.000000  0.000000  0.000000  0.000000
Specificity           1.000000  1.000000  1.000000  1.000000  1.000000  1.000000
Pos Pred Value             NaN       NaN       NaN       NaN       NaN       NaN
Neg Pred Value        0.993222  0.993803  0.994675  0.995256  0.995546  0.995837
Prevalence            0.006778  0.006197  0.005325  0.004744  0.004454  0.004163
Detection Rate        0.000000  0.000000  0.000000  0.000000  0.000000  0.000000
Detection Prevalence  0.000000  0.000000  0.000000  0.000000  0.000000  0.000000
Balanced Accuracy     0.500000  0.500000  0.500000  0.500000  0.500000  0.500000
                     Class: 44 Class: 45 Class: 46 Class: 47 Class: 48 Class: 49
Sensitivity           0.000000  0.000000  0.000000  0.000000  0.000000  0.000000
Specificity           1.000000  1.000000  1.000000  1.000000  1.000000  1.000000
Pos Pred Value             NaN       NaN       NaN       NaN       NaN       NaN
Neg Pred Value        0.996224  0.996418  0.996514  0.996805  0.996902  0.996998
Prevalence            0.003776  0.003582  0.003486  0.003195  0.003098  0.003002
Detection Rate        0.000000  0.000000  0.000000  0.000000  0.000000  0.000000
Detection Prevalence  0.000000  0.000000  0.000000  0.000000  0.000000  0.000000
Balanced Accuracy     0.500000  0.500000  0.500000  0.500000  0.500000  0.500000
                     Class: 50 Class: 51 Class: 52 Class: 53 Class: 54 Class: 55
Sensitivity           0.000000  0.000000  0.000000  0.000000  0.000000  0.000000
Specificity           1.000000  1.000000  1.000000  1.000000  1.000000  1.000000
Pos Pred Value             NaN       NaN       NaN       NaN       NaN       NaN
Neg Pred Value        0.996998  0.997095  0.997192  0.997386  0.997386  0.997579
Prevalence            0.003002  0.002905  0.002808  0.002614  0.002614  0.002421
Detection Rate        0.000000  0.000000  0.000000  0.000000  0.000000  0.000000
Detection Prevalence  0.000000  0.000000  0.000000  0.000000  0.000000  0.000000
Balanced Accuracy     0.500000  0.500000  0.500000  0.500000  0.500000  0.500000
                     Class: 56 Class: 57 Class: 58 Class: 59 Class: 60 Class: 61
Sensitivity           0.000000  0.000000  0.000000  0.000000   0.00000   0.00000
Specificity           1.000000  1.000000  1.000000  1.000000   1.00000   1.00000
Pos Pred Value             NaN       NaN       NaN       NaN       NaN       NaN
Neg Pred Value        0.997579  0.997579  0.997676  0.997773   0.99787   0.99787
Prevalence            0.002421  0.002421  0.002324  0.002227   0.00213   0.00213
Detection Rate        0.000000  0.000000  0.000000  0.000000   0.00000   0.00000
Detection Prevalence  0.000000  0.000000  0.000000  0.000000   0.00000   0.00000
Balanced Accuracy     0.500000  0.500000  0.500000  0.500000   0.50000   0.50000
                     Class: 62 Class: 63 Class: 64 Class: 65 Class: 66 Class: 67
Sensitivity           0.000000  0.000000   0.00000   0.00000  0.000000  0.000000
Specificity           1.000000  1.000000   1.00000   1.00000  1.000000  1.000000
Pos Pred Value             NaN       NaN       NaN       NaN       NaN       NaN
Neg Pred Value        0.997967  0.998064   0.99816   0.99816  0.998257  0.998354
Prevalence            0.002033  0.001936   0.00184   0.00184  0.001743  0.001646
Detection Rate        0.000000  0.000000   0.00000   0.00000  0.000000  0.000000
Detection Prevalence  0.000000  0.000000   0.00000   0.00000  0.000000  0.000000
Balanced Accuracy     0.500000  0.500000   0.50000   0.50000  0.500000  0.500000
                     Class: 68 Class: 69 Class: 70 Class: 71 Class: 72 Class: 73
Sensitivity           0.000000  0.000000  0.000000  0.000000  0.000000  0.000000
Specificity           1.000000  1.000000  1.000000  1.000000  1.000000  1.000000
Pos Pred Value             NaN       NaN       NaN       NaN       NaN       NaN
Neg Pred Value        0.998451  0.998451  0.998548  0.998644  0.998644  0.998741
Prevalence            0.001549  0.001549  0.001452  0.001356  0.001356  0.001259
Detection Rate        0.000000  0.000000  0.000000  0.000000  0.000000  0.000000
Detection Prevalence  0.000000  0.000000  0.000000  0.000000  0.000000  0.000000
Balanced Accuracy     0.500000  0.500000  0.500000  0.500000  0.500000  0.500000
                     Class: 74 Class: 75 Class: 76 Class: 77 Class: 78 Class: 79
Sensitivity           0.000000  0.000000  0.000000 0.0000000 0.0000000 0.0000000
Specificity           1.000000  1.000000  1.000000 1.0000000 1.0000000 1.0000000
Pos Pred Value             NaN       NaN       NaN       NaN       NaN       NaN
Neg Pred Value        0.998838  0.998838  0.998935 0.9990318 0.9991286 0.9991286
Prevalence            0.001162  0.001162  0.001065 0.0009682 0.0008714 0.0008714
Detection Rate        0.000000  0.000000  0.000000 0.0000000 0.0000000 0.0000000
Detection Prevalence  0.000000  0.000000  0.000000 0.0000000 0.0000000 0.0000000
Balanced Accuracy     0.500000  0.500000  0.500000 0.5000000 0.5000000 0.5000000
                     Class: 80 Class: 81 Class: 82 Class: 83 Class: 84 Class: 85
Sensitivity          0.0000000 0.0000000 0.0000000 0.0000000 0.0000000 0.0000000
Specificity          1.0000000 1.0000000 1.0000000 1.0000000 1.0000000 1.0000000
Pos Pred Value             NaN       NaN       NaN       NaN       NaN       NaN
Neg Pred Value       0.9991286 0.9992254 0.9993222 0.9994191 0.9995159 0.9996127
Prevalence           0.0008714 0.0007746 0.0006778 0.0005809 0.0004841 0.0003873
Detection Rate       0.0000000 0.0000000 0.0000000 0.0000000 0.0000000 0.0000000
Detection Prevalence 0.0000000 0.0000000 0.0000000 0.0000000 0.0000000 0.0000000
Balanced Accuracy    0.5000000 0.5000000 0.5000000 0.5000000 0.5000000 0.5000000
                     Class: 86 Class: 87 Class: 88 Class: 89 Class: 90 Class: 91
Sensitivity          0.0000000 0.0000000 0.0000000 0.0000000 0.0000000 0.0000000
Specificity          1.0000000 1.0000000 1.0000000 1.0000000 1.0000000 1.0000000
Pos Pred Value             NaN       NaN       NaN       NaN       NaN       NaN
Neg Pred Value       0.9996127 0.9996127 0.9996127 0.9997095 0.9997095 0.9997095
Prevalence           0.0003873 0.0003873 0.0003873 0.0002905 0.0002905 0.0002905
Detection Rate       0.0000000 0.0000000 0.0000000 0.0000000 0.0000000 0.0000000
Detection Prevalence 0.0000000 0.0000000 0.0000000 0.0000000 0.0000000 0.0000000
Balanced Accuracy    0.5000000 0.5000000 0.5000000 0.5000000 0.5000000 0.5000000
                     Class: 92 Class: 93 Class: 94 Class: 95 Class: 96 Class: 97
Sensitivity          0.0000000 0.0000000 0.0000000 0.0000000 0.0000000 0.000e+00
Specificity          1.0000000 1.0000000 1.0000000 1.0000000 1.0000000 1.000e+00
Pos Pred Value             NaN       NaN       NaN       NaN       NaN       NaN
Neg Pred Value       0.9997095 0.9997095 0.9998064 0.9998064 0.9998064 9.999e-01
Prevalence           0.0002905 0.0002905 0.0001936 0.0001936 0.0001936 9.682e-05
Detection Rate       0.0000000 0.0000000 0.0000000 0.0000000 0.0000000 0.000e+00
Detection Prevalence 0.0000000 0.0000000 0.0000000 0.0000000 0.0000000 0.000e+00
Balanced Accuracy    0.5000000 0.5000000 0.5000000 0.5000000 0.5000000 5.000e-01
                     Class: 98 Class: 99 Class: 100 Class: 101 Class: 102 Class: 103
Sensitivity          0.000e+00 0.000e+00  0.000e+00         NA         NA         NA
Specificity          1.000e+00 1.000e+00  1.000e+00          1          1          1
Pos Pred Value             NaN       NaN        NaN         NA         NA         NA
Neg Pred Value       9.999e-01 9.999e-01  9.999e-01         NA         NA         NA
Prevalence           9.682e-05 9.682e-05  9.682e-05          0          0          0
Detection Rate       0.000e+00 0.000e+00  0.000e+00          0          0          0
Detection Prevalence 0.000e+00 0.000e+00  0.000e+00          0          0          0
Balanced Accuracy    5.000e-01 5.000e-01  5.000e-01         NA         NA         NA
                     Class: 104 Class: 105 Class: 106 Class: 107 Class: 108
Sensitivity                  NA         NA         NA         NA         NA
Specificity                   1          1          1          1          1
Pos Pred Value               NA         NA         NA         NA         NA
Neg Pred Value               NA         NA         NA         NA         NA
Prevalence                    0          0          0          0          0
Detection Rate                0          0          0          0          0
Detection Prevalence          0          0          0          0          0
Balanced Accuracy            NA         NA         NA         NA         NA
