"resultId"	"raceId"	"driverId"	"constructorId"	"number.x"	"grid"	"positionOrder"	"points"	"laps"	"statusId"	"year"	"round"	"circuitId"	"number.y"
"1"	-1.72340734893566	-1.73407791682581	0.355280405418266	-0.966200977023298	0.226027535151807	-1.40550550651012	-1.6447608018305	0.608819478191026	-0.46925732619737	-0.183485266120144	-1.56631201659601	-0.362123140712929	-1.17096630531884	0.177197637761585
"2"	-1.71187954058158	-1.73407791682581	-2.59629084082448	0.407331057430703	0.684191457756821	-1.57704808256913	-1.47162808584834	0.202939826063675	-0.46925732619737	-0.183485266120144	-1.56631201659601	-0.362123140712929	-1.17096630531884	0.647255680055177
"3"	-1.70035173222749	-1.73407791682581	0.326797208832087	0.407331057430703	2.05868322557186	-1.23396293045111	-1.29849536986618	-0.202939826063675	-0.46925732619737	-0.183485266120144	-1.56631201659601	-0.362123140712929	-1.17096630531884	2.05742980693595
"4"	-1.68882392387341	-1.73407791682581	0.405125999444078	-0.999976354919707	-0.482043981601397	-1.06242035439211	-1.12536265388402	-0.608819478191026	-0.46925732619737	-0.183485266120144	-1.56631201659601	-0.362123140712929	-1.17096630531884	-0.549255700328513
"5"	-1.67729611551932	-1.73407791682581	0.412246798590623	-1.05626865141372	-0.981859169897775	-0.719335202274097	-0.952229937901866	-0.608819478191026	-0.46925732619737	-0.183485266120144	-1.56631201659601	-0.362123140712929	-1.17096630531884	-1.06204629192152
"6"	-1.66576830716524	-1.73407791682581	0.308995210965726	-1.05626865141372	-1.02351043558914	-0.547792626215092	-0.779097221919708	-0.608819478191026	-0.46925732619737	-0.183485266120144	-1.56631201659601	-0.362123140712929	-1.17096630531884	-1.10477884122094
"7"	-1.65424049881115	-1.73407791682581	-2.58560964210466	1.34178317923138	-0.565346512984126	0.138377678020931	-0.605964505937551	-0.608819478191026	-0.46925732619737	-0.183485266120144	-1.56631201659601	-0.362123140712929	-1.17096630531884	-0.634720798927348
"8"	-1.64271269045707	-1.73407791682581	-2.5286432489323	0.249712627247457	-0.940207904206411	-0.0331648980380744	-0.432831789955394	-0.608819478191026	-0.46925732619737	-0.183485266120144	-1.56631201659601	-0.362123140712929	-1.17096630531884	-1.01931374262211
"9"	-1.63118488210298	-1.73407791682581	0.415807198163895	-1.03375173281612	1.47556550589275	-0.376250050156086	-0.259699073973236	-0.608819478191026	-0.46925732619737	-0.183485266120144	-1.56631201659601	-0.362123140712929	-1.17096630531884	1.45917411674411
"10"	-1.6196570737489	-1.73407791682581	0.387324001577717	1.34178317923138	0.142725003769077	0.481462830138943	-0.0865663579910787	-0.608819478191026	-0.46925732619737	-0.183485266120144	-1.56631201659601	-0.362123140712929	-1.17096630531884	0.0917325391627496
"11"	-1.60812926539482	-1.73407791682581	0.362401204564811	-0.999976354919707	1.14235538036183	-0.20470747409708	0.0865663579910787	-0.608819478191026	-0.46925732619737	-0.183485266120144	-1.56631201659601	-0.362123140712929	-1.17096630531884	1.11731372234877
"12"	-1.59660145704073	-1.73407791682581	0.398005200297534	1.33052471993257	-0.731951575749586	0.309920254079937	0.259699073973236	-0.608819478191026	-0.46925732619737	-0.183485266120144	-1.56631201659601	-0.362123140712929	-1.17096630531884	-0.805650996125018
"13"	-1.58507364868665	-1.73407791682581	-2.57136804381157	-0.49334568647356	-0.856905372823681	1.16763313437497	0.432831789955394	-0.608819478191026	-0.46925732619737	-0.183485266120144	-1.56631201659601	-0.362123140712929	-1.17096630531884	-0.93384864402327
"14"	-1.57354584033256	-1.73407791682581	0.390884401150989	0.249712627247457	-0.398741450218667	0.824547982256954	0.605964505937551	-0.608819478191026	-0.46925732619737	-0.183485266120144	-1.56631201659601	-0.362123140712929	-1.17096630531884	-0.463790601729678
"15"	-1.56201803197848	-1.73407791682581	0.394444800724261	-0.49334568647356	2.97501107078189	0.653005406197948	0.779097221919708	-0.608819478191026	-0.46925732619737	-0.183485266120144	-1.56631201659601	-0.362123140712929	-1.17096630531884	2.99754589152314
"16"	-1.55049022362439	-1.73407791682581	0.433609196030257	1.33052471993257	-0.232136387453207	0.99609055831596	0.952229937901866	-0.608819478191026	-0.46925732619737	-0.183485266120144	-1.56631201659601	-0.362123140712929	-1.17096630531884	-0.292860404532008
"17"	-1.53896241527031	-1.73407791682581	0.42292799731044	-1.03375173281612	-0.898556638515046	1.33917571043397	1.12536265388402	-0.608819478191026	-0.46925732619737	-0.183485266120144	-1.56631201659601	-0.362123140712929	-1.17096630531884	-0.976581193322688
"18"	-1.52743460691622	-1.73407791682581	0.440729995176801	1.29674934203616	0.809145254830916	1.51071828649298	1.29849536986618	-0.608819478191026	-0.46925732619737	-0.183485266120144	-1.56631201659601	-0.362123140712929	-1.17096630531884	0.775453327953429
"19"	-1.51590679856214	-1.73407791682581	0.437169595603529	1.29674934203616	-0.773602841440951	1.68226086255198	1.47162808584834	-0.608819478191026	-0.46925732619737	-0.183485266120144	-1.56631201659601	-0.362123140712929	-1.17096630531884	-0.848383545424435
"20"	-1.50437899020805	-1.73407791682581	0.301874411819181	-0.966200977023298	-0.690300310058221	-0.890877778333103	1.6447608018305	-0.608819478191026	-0.666148512014449	4.98349657080507	-1.56631201659601	-0.362123140712929	-1.17096630531884	-0.7629184468256
"21"	-1.49285118185397	-1.55682974815537	0.326797208832087	0.407331057430703	2.05868322557186	-1.57704808256913	-1.6447608018305	0.608819478191026	-0.272366140380292	-0.183485266120144	-1.56631201659601	0.338760357441127	-0.996021140181561	2.05742980693595
"22"	-1.48132337349988	-1.55682974815537	0.355280405418266	-0.966200977023298	0.226027535151807	-1.23396293045111	-1.47162808584834	0.202939826063675	-0.272366140380292	-0.183485266120144	-1.56631201659601	0.338760357441127	-0.996021140181561	0.177197637761585
"23"	-1.4697955651458	-1.55682974815537	0.308995210965726	-1.05626865141372	-1.02351043558914	-0.890877778333103	-1.29849536986618	-0.202939826063675	-0.272366140380292	-0.183485266120144	-1.56631201659601	0.338760357441127	-0.996021140181561	-1.10477884122094
"24"	-1.45826775679171	-1.55682974815537	0.412246798590623	-1.05626865141372	-0.981859169897775	-1.06242035439211	-1.12536265388402	-0.608819478191026	-0.272366140380292	-0.183485266120144	-1.56631201659601	0.338760357441127	-0.996021140181561	-1.06204629192152
"25"	-1.44673994843763	-1.55682974815537	-2.59629084082448	0.407331057430703	0.684191457756821	-1.40550550651012	-0.952229937901866	-0.608819478191026	-0.272366140380292	-0.183485266120144	-1.56631201659601	0.338760357441127	-0.996021140181561	0.647255680055177
"26"	-1.43521214008354	-1.55682974815537	0.405125999444078	-0.999976354919707	-0.482043981601397	-0.376250050156086	-0.779097221919708	-0.608819478191026	-0.272366140380292	-0.183485266120144	-1.56631201659601	0.338760357441127	-0.996021140181561	-0.549255700328513
"27"	-1.42368433172946	-1.55682974815537	0.362401204564811	-0.999976354919707	1.14235538036183	-0.547792626215092	-0.605964505937551	-0.608819478191026	-0.272366140380292	-0.183485266120144	-1.56631201659601	0.338760357441127	-0.996021140181561	1.11731372234877
"28"	-1.41215652337538	-1.55682974815537	0.394444800724261	-0.49334568647356	2.97501107078189	-0.0331648980380744	-0.432831789955394	-0.608819478191026	-0.272366140380292	-0.183485266120144	-1.56631201659601	0.338760357441127	-0.996021140181561	2.99754589152314
"29"	-1.40062871502129	-1.55682974815537	0.301874411819181	-0.966200977023298	-0.690300310058221	-0.20470747409708	-0.259699073973236	-0.608819478191026	-0.272366140380292	-0.183485266120144	-1.56631201659601	0.338760357441127	-0.996021140181561	-0.7629184468256
"30"	-1.38910090666721	-1.55682974815537	0.390884401150989	0.249712627247457	-0.398741450218667	0.309920254079937	-0.0865663579910787	-0.608819478191026	-0.272366140380292	-0.183485266120144	-1.56631201659601	0.338760357441127	-0.996021140181561	-0.463790601729678
"31"	-1.37757309831312	-1.55682974815537	-2.58560964210466	1.34178317923138	-0.565346512984126	0.481462830138943	0.0865663579910787	-0.608819478191026	-0.272366140380292	-0.183485266120144	-1.56631201659601	0.338760357441127	-0.996021140181561	-0.634720798927348
"32"	-1.36604528995904	-1.55682974815537	-2.5286432489323	0.249712627247457	-0.940207904206411	0.138377678020931	0.259699073973236	-0.608819478191026	-0.272366140380292	-0.183485266120144	-1.56631201659601	0.338760357441127	-0.996021140181561	-1.01931374262211
"33"	-1.35451748160495	-1.55682974815537	0.387324001577717	1.34178317923138	0.142725003769077	0.653005406197948	0.432831789955394	-0.608819478191026	-0.272366140380292	-0.183485266120144	-1.56631201659601	0.338760357441127	-0.996021140181561	0.0917325391627496
"34"	-1.34298967325087	-1.55682974815537	0.42292799731044	-1.03375173281612	-0.898556638515046	0.99609055831596	0.605964505937551	-0.608819478191026	-0.272366140380292	-0.183485266120144	-1.56631201659601	0.338760357441127	-0.996021140181561	-0.976581193322688
"35"	-1.33146186489678	-1.55682974815537	0.415807198163895	-1.03375173281612	1.47556550589275	0.824547982256954	0.779097221919708	-0.608819478191026	-0.272366140380292	-0.183485266120144	-1.56631201659601	0.338760357441127	-0.996021140181561	1.45917411674411
"36"	-1.3199340565427	-1.55682974815537	0.433609196030257	1.33052471993257	-0.232136387453207	1.16763313437497	0.952229937901866	-0.608819478191026	-0.272366140380292	-0.183485266120144	-1.56631201659601	0.338760357441127	-0.996021140181561	-0.292860404532008
"37"	-1.30840624818861	-1.55682974815537	0.437169595603529	1.29674934203616	-0.773602841440951	1.68226086255198	1.12536265388402	-0.608819478191026	-0.272366140380292	-0.183485266120144	-1.56631201659601	0.338760357441127	-0.996021140181561	-0.848383545424435
"38"	-1.29687843983453	-1.55682974815537	-2.5678076442383	-0.49334568647356	2.51684714817688	1.51071828649298	1.29849536986618	-0.608819478191026	-0.272366140380292	-0.183485266120144	-1.56631201659601	0.338760357441127	-0.996021140181561	2.52748784922955
"39"	-1.28535063148044	-1.55682974815537	0.440729995176801	1.29674934203616	0.809145254830916	1.33917571043397	1.47162808584834	-0.608819478191026	-0.272366140380292	-0.183485266120144	-1.56631201659601	0.338760357441127	-0.996021140181561	0.775453327953429
"40"	-1.27382282312636	-1.55682974815537	0.398005200297534	1.33052471993257	-0.731951575749586	-0.719335202274097	1.6447608018305	-0.608819478191026	-3.8164074850877	-0.0456990838021386	-1.56631201659601	0.338760357441127	-0.996021140181561	-0.805650996125018
"41"	-1.26229501477227	-1.29095749514971	0.326797208832087	0.407331057430703	2.05868322557186	-1.40550550651012	-1.6447608018305	0.608819478191026	0.908980974522179	-0.183485266120144	-1.56631201659601	1.2148647301337	-0.85606500807174	2.05742980693595
"42"	-1.25076720641819	-1.29095749514971	0.355280405418266	-0.966200977023298	0.226027535151807	-1.57704808256913	-1.47162808584834	0.202939826063675	0.908980974522179	-0.183485266120144	-1.56631201659601	1.2148647301337	-0.85606500807174	0.177197637761585
"43"	-1.23923939806411	-1.29095749514971	0.362401204564811	-0.999976354919707	1.14235538036183	-0.890877778333103	-1.29849536986618	-0.202939826063675	0.908980974522179	-0.183485266120144	-1.56631201659601	1.2148647301337	-0.85606500807174	1.11731372234877
"44"	-1.22771158971002	-1.29095749514971	0.301874411819181	-0.966200977023298	-0.690300310058221	-1.23396293045111	-1.12536265388402	-0.608819478191026	0.908980974522179	-0.183485266120144	-1.56631201659601	1.2148647301337	-0.85606500807174	-0.7629184468256
"45"	-1.21618378135594	-1.29095749514971	-2.59629084082448	0.407331057430703	0.684191457756821	1.68226086255198	-0.952229937901866	-0.608819478191026	0.908980974522179	-0.183485266120144	-1.56631201659601	1.2148647301337	-0.85606500807174	0.647255680055177
"46"	-1.20465597300185	-1.29095749514971	0.412246798590623	-1.05626865141372	-0.981859169897775	-0.547792626215092	-0.779097221919708	-0.608819478191026	0.908980974522179	-0.183485266120144	-1.56631201659601	1.2148647301337	-0.85606500807174	-1.06204629192152
"47"	-1.19312816464777	-1.29095749514971	0.405125999444078	-0.999976354919707	-0.482043981601397	-0.719335202274097	-0.605964505937551	-0.608819478191026	0.908980974522179	-0.183485266120144	-1.56631201659601	1.2148647301337	-0.85606500807174	-0.549255700328513
"48"	-1.18160035629368	-1.29095749514971	0.398005200297534	1.33052471993257	-0.731951575749586	-1.06242035439211	-0.432831789955394	-0.608819478191026	0.908980974522179	-0.183485266120144	-1.56631201659601	1.2148647301337	-0.85606500807174	-0.805650996125018
"49"	-1.1700725479396	-1.29095749514971	0.387324001577717	1.34178317923138	0.142725003769077	-0.0331648980380744	-0.259699073973236	-0.608819478191026	0.908980974522179	-0.183485266120144	-1.56631201659601	1.2148647301337	-0.85606500807174	0.0917325391627496
"50"	-1.15854473958551	-1.29095749514971	-2.5286432489323	0.249712627247457	-0.940207904206411	0.138377678020931	-0.0865663579910787	-0.608819478191026	0.908980974522179	-0.183485266120144	-1.56631201659601	1.2148647301337	-0.85606500807174	-1.01931374262211
"51"	-1.14701693123143	-1.29095749514971	0.308995210965726	-1.05626865141372	-1.02351043558914	-0.376250050156086	0.0865663579910787	-0.608819478191026	0.908980974522179	-0.183485266120144	-1.56631201659601	1.2148647301337	-0.85606500807174	-1.10477884122094
"52"	-1.13548912287734	-1.29095749514971	-2.58560964210466	1.34178317923138	-0.565346512984126	-0.20470747409708	0.259699073973236	-0.608819478191026	0.908980974522179	-0.183485266120144	-1.56631201659601	1.2148647301337	-0.85606500807174	-0.634720798927348
"53"	-1.12396131452326	-1.29095749514971	0.394444800724261	-0.49334568647356	2.97501107078189	0.653005406197948	0.432831789955394	-0.608819478191026	0.908980974522179	-0.183485266120144	-1.56631201659601	1.2148647301337	-0.85606500807174	2.99754589152314
"54"	-1.11243350616917	-1.29095749514971	0.390884401150989	0.249712627247457	-0.398741450218667	0.824547982256954	0.605964505937551	-0.608819478191026	0.908980974522179	-0.183485266120144	-1.56631201659601	1.2148647301337	-0.85606500807174	-0.463790601729678
"55"	-1.10090569781509	-1.29095749514971	0.433609196030257	1.33052471993257	-0.232136387453207	0.309920254079937	0.779097221919708	-0.608819478191026	0.908980974522179	-0.183485266120144	-1.56631201659601	1.2148647301337	-0.85606500807174	-0.292860404532008
"56"	-1.089377889461	-1.29095749514971	0.42292799731044	-1.03375173281612	-0.898556638515046	0.99609055831596	0.952229937901866	-0.608819478191026	0.908980974522179	-0.183485266120144	-1.56631201659601	1.2148647301337	-0.85606500807174	-0.976581193322688
"57"	-1.07785008110692	-1.29095749514971	0.415807198163895	-1.03375173281612	1.47556550589275	1.16763313437497	1.12536265388402	-0.608819478191026	0.908980974522179	-0.183485266120144	-1.56631201659601	1.2148647301337	-0.85606500807174	1.45917411674411
"58"	-1.06632227275283	-1.29095749514971	-2.57136804381157	-0.49334568647356	-0.856905372823681	0.481462830138943	1.29849536986618	-0.608819478191026	0.908980974522179	-0.183485266120144	-1.56631201659601	1.2148647301337	-0.85606500807174	-0.93384864402327
"59"	-1.05479446439875	-1.29095749514971	0.440729995176801	1.29674934203616	0.809145254830916	1.33917571043397	1.47162808584834	-0.608819478191026	0.908980974522179	-0.183485266120144	-1.56631201659601	1.2148647301337	-0.85606500807174	0.775453327953429
"60"	-1.04326665604467	-1.29095749514971	0.437169595603529	1.29674934203616	-0.773602841440951	1.51071828649298	1.6447608018305	-0.608819478191026	0.908980974522179	-0.183485266120144	-1.56631201659601	1.2148647301337	-0.85606500807174	-0.848383545424435
"61"	-1.03173884769058	-1.02508524214405	0.355280405418266	-0.966200977023298	-1.10681296697187	-1.57704808256913	-1.6447608018305	2.63821773882778	0.318307417070944	-0.183485266120144	-0.587367006223447	-1.41344838794401	-0.751097908989374	0.177197637761585
"62"	-1.0202110393365	-1.02508524214405	0.405125999444078	-0.999976354919707	-0.482043981601397	-1.40550550651012	-1.47162808584834	2.23233808670043	0.318307417070944	-0.183485266120144	-0.587367006223447	-1.41344838794401	-0.751097908989374	-0.549255700328513
"63"	-1.00868323098241	-1.02508524214405	0.301874411819181	-0.966200977023298	-0.690300310058221	-0.547792626215092	-1.29849536986618	1.82645843457308	0.318307417070944	-0.183485266120144	-0.587367006223447	-1.41344838794401	-0.751097908989374	-0.7629184468256
"64"	-0.997155422628326	-1.02508524214405	0.362401204564811	-0.999976354919707	1.14235538036183	-0.0331648980380744	-1.12536265388402	1.42057878244573	0.318307417070944	-0.183485266120144	-0.587367006223447	-1.41344838794401	-0.751097908989374	1.11731372234877
"65"	-0.985627614274242	-1.02508524214405	0.412246798590623	-1.05626865141372	-0.981859169897775	-1.23396293045111	-0.952229937901866	1.01469913031838	0.318307417070944	-0.183485266120144	-0.587367006223447	-1.41344838794401	-0.751097908989374	-1.06204629192152
"66"	-0.974099805920157	-1.02508524214405	0.308995210965726	-1.05626865141372	-1.02351043558914	-0.719335202274097	-0.779097221919708	0.608819478191026	0.318307417070944	-0.183485266120144	-0.587367006223447	-1.41344838794401	-0.751097908989374	-1.10477884122094
"67"	-0.962571997566072	-1.02508524214405	0.326797208832087	-0.49334568647356	2.05868322557186	-0.376250050156086	-0.605964505937551	0.202939826063675	0.318307417070944	-0.183485266120144	-0.587367006223447	-1.41344838794401	-0.751097908989374	2.05742980693595
"68"	-0.951044189211988	-1.02508524214405	0.337478407551904	1.29674934203616	-0.315438918835937	-1.06242035439211	-0.432831789955394	-0.202939826063675	0.318307417070944	-0.183485266120144	-0.587367006223447	-1.41344838794401	-0.751097908989374	-0.378325503130843
"69"	-0.939516380857903	-1.02508524214405	-2.58560964210466	1.34178317923138	-0.565346512984126	-0.890877778333103	-0.259699073973236	-0.608819478191026	0.318307417070944	-0.183485266120144	-0.587367006223447	-1.41344838794401	-0.751097908989374	-0.634720798927348
"70"	-0.927988572503818	-1.02508524214405	0.440729995176801	1.29674934203616	0.809145254830916	0.309920254079937	-0.0865663579910787	-0.608819478191026	0.318307417070944	-0.183485266120144	-0.587367006223447	-1.41344838794401	-0.751097908989374	0.775453327953429
"71"	-0.916460764149734	-1.02508524214405	0.415807198163895	0.407331057430703	1.47556550589275	0.138377678020931	0.0865663579910787	-0.608819478191026	0.318307417070944	-0.183485266120144	-0.587367006223447	-1.41344838794401	-0.751097908989374	1.45917411674411
"72"	-0.904932955795649	-1.02508524214405	0.433609196030257	1.33052471993257	-0.232136387453207	0.99609055831596	0.259699073973236	-0.608819478191026	0.318307417070944	-0.183485266120144	-0.587367006223447	-1.41344838794401	-0.751097908989374	-0.292860404532008
"73"	-0.893405147441564	-1.02508524214405	-2.5286432489323	0.249712627247457	-0.940207904206411	-0.20470747409708	0.432831789955394	-0.608819478191026	0.318307417070944	-0.183485266120144	-0.587367006223447	-1.41344838794401	-0.751097908989374	-1.01931374262211
"74"	-0.881877339087479	-1.02508524214405	-2.59629084082448	0.407331057430703	0.684191457756821	0.481462830138943	0.605964505937551	-0.608819478191026	0.318307417070944	-0.183485266120144	-0.587367006223447	-1.41344838794401	-0.751097908989374	0.647255680055177
"75"	-0.870349530733395	-1.02508524214405	0.390884401150989	0.249712627247457	-0.398741450218667	0.824547982256954	0.779097221919708	-0.608819478191026	0.318307417070944	-0.183485266120144	-0.587367006223447	-1.41344838794401	-0.751097908989374	-0.463790601729678
"76"	-0.85882172237931	-1.02508524214405	0.387324001577717	1.34178317923138	0.142725003769077	1.51071828649298	0.952229937901866	-0.608819478191026	0.318307417070944	-0.183485266120144	-0.587367006223447	-1.41344838794401	-0.751097908989374	0.0917325391627496
"77"	-0.847293914025225	-1.02508524214405	0.398005200297534	1.33052471993257	-0.731951575749586	1.16763313437497	1.12536265388402	-0.608819478191026	0.318307417070944	-0.183485266120144	-0.587367006223447	-1.41344838794401	-0.751097908989374	-0.805650996125018
"78"	-0.835766105671141	-1.02508524214405	0.419367597737167	-1.03375173281612	-0.190485121761842	1.68226086255198	1.29849536986618	-0.608819478191026	0.318307417070944	-0.183485266120144	-0.587367006223447	-1.41344838794401	-0.751097908989374	-0.25012785523259
"79"	-0.824238297317056	-1.02508524214405	0.42292799731044	-1.03375173281612	-0.898556638515046	1.33917571043397	1.47162808584834	-0.608819478191026	0.318307417070944	-0.183485266120144	-0.587367006223447	-1.41344838794401	-0.751097908989374	-0.976581193322688
"80"	-0.812710488962971	-1.02508524214405	0.444290394750074	-0.49334568647356	-0.148833856070477	-1.74859065862813	1.6447608018305	-0.608819478191026	-3.8164074850877	1.88330746864994	-0.587367006223447	-1.41344838794401	-0.751097908989374	-0.207395305933173
"81"	-0.801182680608887	-0.714900946970779	0.355280405418266	-0.966200977023298	-1.10681296697187	-1.57704808256913	-1.6447608018305	2.63821773882778	0.7120897887051	-0.183485266120144	-0.587367006223447	-0.186902266174415	0.963364709355936	0.177197637761585
"82"	-0.789654872254802	-0.714900946970779	0.405125999444078	-0.999976354919707	-0.482043981601397	-1.40550550651012	-1.47162808584834	2.23233808670043	0.7120897887051	-0.183485266120144	-0.587367006223447	-0.186902266174415	0.963364709355936	-0.549255700328513
"83"	-0.778127063900717	-0.714900946970779	0.362401204564811	-0.999976354919707	1.14235538036183	-1.23396293045111	-1.29849536986618	1.82645843457308	0.7120897887051	-0.183485266120144	-0.587367006223447	-0.186902266174415	0.963364709355936	1.11731372234877
"84"	-0.766599255546632	-0.714900946970779	0.415807198163895	0.407331057430703	1.47556550589275	-1.06242035439211	-1.12536265388402	1.42057878244573	0.7120897887051	-0.183485266120144	-0.587367006223447	-0.186902266174415	0.963364709355936	1.45917411674411
"85"	-0.755071447192548	-0.714900946970779	0.301874411819181	-0.966200977023298	-0.690300310058221	0.481462830138943	-0.952229937901866	1.01469913031838	0.7120897887051	-0.183485266120144	-0.587367006223447	-0.186902266174415	0.963364709355936	-0.7629184468256
"86"	-0.743543638838463	-0.714900946970779	0.387324001577717	1.34178317923138	0.142725003769077	-0.890877778333103	-0.779097221919708	0.608819478191026	0.7120897887051	-0.183485266120144	-0.587367006223447	-0.186902266174415	0.963364709355936	0.0917325391627496
"87"	-0.732015830484378	-0.714900946970779	0.337478407551904	1.29674934203616	-0.315438918835937	-0.719335202274097	-0.605964505937551	0.202939826063675	0.7120897887051	-0.183485266120144	-0.587367006223447	-0.186902266174415	0.963364709355936	-0.378325503130843
"88"	-0.720488022130294	-0.714900946970779	-2.59629084082448	0.407331057430703	0.684191457756821	-0.20470747409708	-0.432831789955394	-0.202939826063675	0.7120897887051	-0.183485266120144	-0.587367006223447	-0.186902266174415	0.963364709355936	0.647255680055177
"89"	-0.708960213776209	-0.714900946970779	0.440729995176801	1.29674934203616	0.809145254830916	-0.547792626215092	-0.259699073973236	-0.608819478191026	0.7120897887051	-0.183485266120144	-0.587367006223447	-0.186902266174415	0.963364709355936	0.775453327953429
"90"	-0.697432405422124	-0.714900946970779	0.326797208832087	-0.49334568647356	2.05868322557186	0.309920254079937	-0.0865663579910787	-0.608819478191026	0.7120897887051	-0.183485266120144	-0.587367006223447	-0.186902266174415	0.963364709355936	2.05742980693595
"91"	-0.68590459706804	-0.714900946970779	0.412246798590623	-1.05626865141372	-0.981859169897775	0.824547982256954	0.0865663579910787	-0.608819478191026	0.7120897887051	-0.183485266120144	-0.587367006223447	-0.186902266174415	0.963364709355936	-1.06204629192152
"92"	-0.674376788713955	-0.714900946970779	0.308995210965726	-1.05626865141372	-1.02351043558914	0.99609055831596	0.259699073973236	-0.608819478191026	0.7120897887051	-0.183485266120144	-0.587367006223447	-0.186902266174415	0.963364709355936	-1.10477884122094
"93"	-0.66284898035987	-0.714900946970779	0.390884401150989	0.249712627247457	-0.398741450218667	1.16763313437497	0.432831789955394	-0.608819478191026	0.7120897887051	-0.183485266120144	-0.587367006223447	-0.186902266174415	0.963364709355936	-0.463790601729678
"94"	-0.651321172005786	-0.714900946970779	0.444290394750074	-0.49334568647356	-0.148833856070477	1.33917571043397	0.605964505937551	-0.608819478191026	0.7120897887051	-0.183485266120144	-0.587367006223447	-0.186902266174415	0.963364709355936	-0.207395305933173
"95"	-0.639793363651701	-0.714900946970779	0.398005200297534	1.33052471993257	-0.731951575749586	-0.0331648980380744	0.779097221919708	-0.608819478191026	0.7120897887051	-0.183485266120144	-0.587367006223447	-0.186902266174415	0.963364709355936	-0.805650996125018
"96"	-0.628265555297616	-0.714900946970779	0.419367597737167	-1.03375173281612	-0.190485121761842	0.138377678020931	0.952229937901866	-0.608819478191026	0.7120897887051	-0.183485266120144	-0.587367006223447	-0.186902266174415	0.963364709355936	-0.25012785523259
"97"	-0.616737746943531	-0.714900946970779	0.433609196030257	1.33052471993257	-0.232136387453207	0.653005406197948	1.12536265388402	-0.608819478191026	0.7120897887051	-0.183485266120144	-0.587367006223447	-0.186902266174415	0.963364709355936	-0.292860404532008
"98"	-0.605209938589447	-0.714900946970779	0.42292799731044	-1.03375173281612	-0.898556638515046	1.51071828649298	1.29849536986618	-0.608819478191026	0.7120897887051	-0.183485266120144	-0.587367006223447	-0.186902266174415	0.963364709355936	-0.976581193322688
"99"	-0.593682130235362	-0.714900946970779	-2.5286432489323	0.249712627247457	-0.940207904206411	1.68226086255198	1.47162808584834	-0.608819478191026	0.318307417070944	8.70372349339122	-0.587367006223447	-0.186902266174415	0.963364709355936	-1.01931374262211
"100"	-0.582154321881277	-0.714900946970779	-2.58560964210466	1.34178317923138	-0.565346512984126	-0.376250050156086	1.6447608018305	-0.608819478191026	-3.8164074850877	0.436552554310881	-0.587367006223447	-0.186902266174415	0.963364709355936	-0.634720798927348
"101"	-0.570626513527193	-0.227468483127069	0.415807198163895	0.407331057430703	1.47556550589275	-1.23396293045111	-1.6447608018305	2.63821773882778	0.908980974522179	-0.183485266120144	-0.587367006223447	1.56530647921072	-0.85606500807174	1.45917411674411
"102"	-0.559098705173108	-0.227468483127069	0.362401204564811	-0.999976354919707	1.14235538036183	-0.890877778333103	-1.47162808584834	2.23233808670043	0.908980974522179	-0.183485266120144	-0.587367006223447	1.56530647921072	-0.85606500807174	1.11731372234877
"103"	-0.547570896819023	-0.227468483127069	-2.59629084082448	0.407331057430703	0.684191457756821	-0.376250050156086	-1.29849536986618	1.82645843457308	0.908980974522179	-0.183485266120144	-0.587367006223447	1.56530647921072	-0.85606500807174	0.647255680055177
"104"	-0.536043088464939	-0.227468483127069	0.355280405418266	-0.966200977023298	-1.10681296697187	-1.40550550651012	-1.12536265388402	1.42057878244573	0.908980974522179	-0.183485266120144	-0.587367006223447	1.56530647921072	-0.85606500807174	0.177197637761585
"105"	-0.524515280110854	-0.227468483127069	0.301874411819181	-0.966200977023298	-0.690300310058221	-0.20470747409708	-0.952229937901866	1.01469913031838	0.908980974522179	-0.183485266120144	-0.587367006223447	1.56530647921072	-0.85606500807174	-0.7629184468256
"106"	-0.512987471756769	-0.227468483127069	0.405125999444078	-0.999976354919707	-0.482043981601397	-0.0331648980380744	-0.779097221919708	0.608819478191026	0.908980974522179	-0.183485266120144	-0.587367006223447	1.56530647921072	-0.85606500807174	-0.549255700328513
"107"	-0.501459663402684	-0.227468483127069	0.412246798590623	-1.05626865141372	-0.981859169897775	-1.06242035439211	-0.605964505937551	0.202939826063675	0.908980974522179	-0.183485266120144	-0.587367006223447	1.56530647921072	-0.85606500807174	-1.06204629192152
"108"	-0.4899318550486	-0.227468483127069	0.337478407551904	1.29674934203616	-0.315438918835937	-1.57704808256913	-0.432831789955394	-0.202939826063675	0.908980974522179	-0.183485266120144	-0.587367006223447	1.56530647921072	-0.85606500807174	-0.378325503130843
"109"	-0.478404046694515	-0.227468483127069	-2.5286432489323	0.249712627247457	-0.940207904206411	0.481462830138943	-0.259699073973236	-0.608819478191026	0.908980974522179	-0.183485266120144	-0.587367006223447	1.56530647921072	-0.85606500807174	-1.01931374262211
"110"	-0.46687623834043	-0.227468483127069	0.398005200297534	1.33052471993257	-0.731951575749586	0.309920254079937	-0.0865663579910787	-0.608819478191026	0.908980974522179	-0.183485266120144	-0.587367006223447	1.56530647921072	-0.85606500807174	-0.805650996125018
"111"	-0.455348429986346	-0.227468483127069	0.308995210965726	-1.05626865141372	-1.02351043558914	0.653005406197948	0.0865663579910787	-0.608819478191026	0.908980974522179	-0.183485266120144	-0.587367006223447	1.56530647921072	-0.85606500807174	-1.10477884122094
"112"	-0.443820621632261	-0.227468483127069	0.440729995176801	1.29674934203616	0.809145254830916	1.68226086255198	0.259699073973236	-0.608819478191026	0.908980974522179	-0.183485266120144	-0.587367006223447	1.56530647921072	-0.85606500807174	0.775453327953429
"113"	-0.432292813278176	-0.227468483127069	0.444290394750074	-0.49334568647356	-0.148833856070477	1.16763313437497	0.432831789955394	-0.608819478191026	0.908980974522179	-0.183485266120144	-0.587367006223447	1.56530647921072	-0.85606500807174	-0.207395305933173
"114"	-0.420765004924092	-0.227468483127069	0.326797208832087	-0.49334568647356	2.05868322557186	1.33917571043397	0.605964505937551	-0.608819478191026	0.908980974522179	-0.183485266120144	-0.587367006223447	1.56530647921072	-0.85606500807174	2.05742980693595
"115"	-0.409237196570007	-0.227468483127069	0.433609196030257	1.33052471993257	-0.232136387453207	1.51071828649298	0.779097221919708	-0.608819478191026	0.908980974522179	-0.183485266120144	-0.587367006223447	1.56530647921072	-0.85606500807174	-0.292860404532008
"116"	-0.397709388215922	-0.227468483127069	0.390884401150989	0.249712627247457	-0.398741450218667	0.824547982256954	0.952229937901866	-0.608819478191026	0.908980974522179	-0.183485266120144	-0.587367006223447	1.56530647921072	-0.85606500807174	-0.463790601729678
"117"	-0.386181579861837	-0.227468483127069	0.387324001577717	1.34178317923138	0.142725003769077	-0.719335202274097	1.12536265388402	-0.608819478191026	0.908980974522179	-0.183485266120144	-0.587367006223447	1.56530647921072	-0.85606500807174	0.0917325391627496
"118"	-0.374653771507753	-0.227468483127069	-2.58560964210466	1.34178317923138	-0.565346512984126	-0.547792626215092	1.29849536986618	-0.608819478191026	0.908980974522179	-0.183485266120144	-0.587367006223447	1.56530647921072	-0.85606500807174	-0.634720798927348
"119"	-0.363125963153668	-0.227468483127069	0.42292799731044	-1.03375173281612	-0.898556638515046	0.99609055831596	1.47162808584834	-0.608819478191026	0.908980974522179	-0.183485266120144	-0.587367006223447	1.56530647921072	-0.85606500807174	-0.976581193322688
"120"	-0.351598154799583	-0.227468483127069	0.419367597737167	-1.03375173281612	-0.190485121761842	0.138377678020931	1.6447608018305	-0.608819478191026	-1.45371325528276	1.88330746864994	-0.587367006223447	1.56530647921072	-0.85606500807174	-0.25012785523259
"121"	-0.340070346445499	0.0384037698785906	0.301874411819181	-0.966200977023298	-0.690300310058221	-1.40550550651012	-1.6447608018305	2.63821773882778	-0.46925732619737	-0.183485266120144	0.391578004149113	-1.41344838794401	1.0683318084383	-0.7629184468256
"122"	-0.328542538091414	0.0384037698785906	0.405125999444078	-0.999976354919707	-0.482043981601397	-1.57704808256913	-1.47162808584834	2.23233808670043	-0.46925732619737	-0.183485266120144	0.391578004149113	-1.41344838794401	1.0683318084383	-0.549255700328513
"123"	-0.317014729737329	0.0384037698785906	0.355280405418266	-0.966200977023298	-1.10681296697187	-1.23396293045111	-1.29849536986618	1.82645843457308	-0.46925732619737	-0.183485266120144	0.391578004149113	-1.41344838794401	1.0683318084383	0.177197637761585
"124"	-0.305486921383245	0.0384037698785906	0.415807198163895	0.407331057430703	1.47556550589275	-1.06242035439211	-1.12536265388402	1.42057878244573	-0.46925732619737	-0.183485266120144	0.391578004149113	-1.41344838794401	1.0683318084383	1.45917411674411
"125"	-0.29395911302916	0.0384037698785906	0.362401204564811	-0.999976354919707	1.14235538036183	-0.890877778333103	-0.952229937901866	1.01469913031838	-0.46925732619737	-0.183485266120144	0.391578004149113	-1.41344838794401	1.0683318084383	1.11731372234877
"126"	-0.282431304675075	0.0384037698785906	-2.58560964210466	0.249712627247457	-0.565346512984126	-0.376250050156086	-0.779097221919708	0.608819478191026	-0.46925732619737	-0.183485266120144	0.391578004149113	-1.41344838794401	1.0683318084383	-0.634720798927348
"127"	-0.27090349632099	0.0384037698785906	-2.59629084082448	0.407331057430703	0.684191457756821	-0.719335202274097	-0.605964505937551	0.202939826063675	-0.46925732619737	-0.183485266120144	0.391578004149113	-1.41344838794401	1.0683318084383	0.647255680055177
"128"	-0.259375687966906	0.0384037698785906	0.390884401150989	0.249712627247457	-0.398741450218667	-0.20470747409708	-0.432831789955394	-0.202939826063675	-0.46925732619737	-0.183485266120144	0.391578004149113	-1.41344838794401	1.0683318084383	-0.463790601729678
"129"	-0.247847879612821	0.0384037698785906	0.419367597737167	-1.03375173281612	-0.190485121761842	-0.547792626215092	-0.259699073973236	-0.608819478191026	-0.46925732619737	-0.183485266120144	0.391578004149113	-1.41344838794401	1.0683318084383	-0.25012785523259
"130"	-0.236320071258736	0.0384037698785906	0.451411193896618	-1.05626865141372	2.22528828833732	0.138377678020931	-0.0865663579910787	-0.608819478191026	-0.46925732619737	-0.183485266120144	0.391578004149113	-1.41344838794401	1.0683318084383	2.22836000413362
"131"	-0.224792262904652	0.0384037698785906	0.337478407551904	1.29674934203616	-0.315438918835937	0.481462830138943	0.0865663579910787	-0.608819478191026	-0.46925732619737	-0.183485266120144	0.391578004149113	-1.41344838794401	1.0683318084383	-0.378325503130843
"132"	-0.213264454550567	0.0384037698785906	0.444290394750074	-0.49334568647356	-0.148833856070477	0.653005406197948	0.259699073973236	-0.608819478191026	-0.46925732619737	-0.183485266120144	0.391578004149113	-1.41344838794401	1.0683318084383	-0.207395305933173
"133"	-0.201736646196482	0.0384037698785906	0.398005200297534	1.34178317923138	-0.731951575749586	1.16763313437497	0.432831789955394	-0.608819478191026	-0.46925732619737	-0.183485266120144	0.391578004149113	-1.41344838794401	1.0683318084383	-0.805650996125018
"134"	-0.190208837842398	0.0384037698785906	0.447850794323346	1.33052471993257	-0.273787653144572	1.33917571043397	0.605964505937551	-0.608819478191026	-0.46925732619737	-0.183485266120144	0.391578004149113	-1.41344838794401	1.0683318084383	-0.335592953831425
"135"	-0.178681029488313	0.0384037698785906	0.273391215233003	1.29674934203616	-0.0238800589963826	0.309920254079937	0.779097221919708	-0.608819478191026	-0.46925732619737	-0.183485266120144	0.391578004149113	-1.41344838794401	1.0683318084383	-0.0791976580349203
"136"	-0.167153221134228	0.0384037698785906	0.326797208832087	-0.49334568647356	2.05868322557186	0.824547982256954	0.952229937901866	-0.608819478191026	-0.46925732619737	-0.183485266120144	0.391578004149113	-1.41344838794401	1.0683318084383	2.05742980693595
"137"	-0.155625412780143	0.0384037698785906	0.412246798590623	-1.05626865141372	-0.981859169897775	-0.0331648980380744	1.12536265388402	-0.608819478191026	-0.46925732619737	-0.183485266120144	0.391578004149113	-1.41344838794401	1.0683318084383	-1.06204629192152
"138"	-0.144097604426059	0.0384037698785906	0.387324001577717	1.34178317923138	0.142725003769077	-1.74859065862813	1.29849536986618	-0.608819478191026	-0.46925732619737	-0.183485266120144	0.391578004149113	-1.41344838794401	1.0683318084383	0.0917325391627496
"139"	-0.132569796071974	0.0384037698785906	0.433609196030257	1.33052471993257	-0.232136387453207	0.99609055831596	1.47162808584834	-0.608819478191026	-3.42262511345355	8.70372349339122	0.391578004149113	-1.41344838794401	1.0683318084383	-0.292860404532008
"140"	-0.121041987717889	0.0384037698785906	0.454971593469891	-1.03375173281612	-1.06516170128051	-1.74859065862813	1.6447608018305	-0.608819478191026	-3.8164074850877	-0.0456990838021386	0.391578004149113	-1.41344838794401	1.0683318084383	-1.14751139052036
"141"	-0.109514179363805	0.30427602288425	0.355280405418266	-0.966200977023298	-1.10681296697187	-1.57704808256913	-1.6447608018305	2.63821773882778	0.908980974522179	-0.183485266120144	0.391578004149113	-0.537344015251442	0.963364709355936	0.177197637761585
"142"	-0.0979863710097199	0.30427602288425	0.301874411819181	-0.966200977023298	-0.690300310058221	-1.40550550651012	-1.47162808584834	2.23233808670043	0.908980974522179	-0.183485266120144	0.391578004149113	-0.537344015251442	0.963364709355936	-0.7629184468256
"143"	-0.0864585626556352	0.30427602288425	0.362401204564811	-0.999976354919707	1.14235538036183	-0.890877778333103	-1.29849536986618	1.82645843457308	0.908980974522179	-0.183485266120144	0.391578004149113	-0.537344015251442	0.963364709355936	1.11731372234877
"144"	-0.0749307543015505	0.30427602288425	0.390884401150989	0.249712627247457	-0.398741450218667	-0.547792626215092	-1.12536265388402	1.42057878244573	0.908980974522179	-0.183485266120144	0.391578004149113	-0.537344015251442	0.963364709355936	-0.463790601729678
"145"	-0.0634029459474658	0.30427602288425	-2.58560964210466	0.249712627247457	-0.565346512984126	-0.719335202274097	-0.952229937901866	1.01469913031838	0.908980974522179	-0.183485266120144	0.391578004149113	-0.537344015251442	0.963364709355936	-0.634720798927348
"146"	-0.0518751375933811	0.30427602288425	0.273391215233003	1.29674934203616	-0.0238800589963826	-1.06242035439211	-0.779097221919708	0.608819478191026	0.908980974522179	-0.183485266120144	0.391578004149113	-0.537344015251442	0.963364709355936	-0.0791976580349203
"147"	-0.0403473292392964	0.30427602288425	0.387324001577717	1.34178317923138	0.142725003769077	-0.376250050156086	-0.605964505937551	0.202939826063675	0.908980974522179	-0.183485266120144	0.391578004149113	-0.537344015251442	0.963364709355936	0.0917325391627496
"148"	-0.0288195208852117	0.30427602288425	0.415807198163895	0.407331057430703	1.47556550589275	0.824547982256954	-0.432831789955394	-0.202939826063675	0.908980974522179	-0.183485266120144	0.391578004149113	-0.537344015251442	0.963364709355936	1.45917411674411
"149"	-0.017291712531127	0.30427602288425	0.412246798590623	-1.05626865141372	-0.981859169897775	-1.23396293045111	-0.259699073973236	-0.608819478191026	0.908980974522179	-0.183485266120144	0.391578004149113	-0.537344015251442	0.963364709355936	-1.06204629192152
"150"	-0.00576390417704235	0.30427602288425	-2.59629084082448	0.407331057430703	0.684191457756821	1.33917571043397	-0.0865663579910787	-0.608819478191026	0.908980974522179	-0.183485266120144	0.391578004149113	-0.537344015251442	0.963364709355936	0.647255680055177
"151"	0.00576390417704235	0.30427602288425	0.451411193896618	-1.05626865141372	2.22528828833732	1.16763313437497	0.0865663579910787	-0.608819478191026	0.908980974522179	-0.183485266120144	0.391578004149113	-0.537344015251442	0.963364709355936	2.22836000413362
"152"	0.017291712531127	0.30427602288425	0.405125999444078	-0.999976354919707	-0.482043981601397	-0.20470747409708	0.259699073973236	-0.608819478191026	0.908980974522179	-0.183485266120144	0.391578004149113	-0.537344015251442	0.963364709355936	-0.549255700328513
"153"	0.0288195208852117	0.30427602288425	0.419367597737167	-1.03375173281612	-0.190485121761842	0.138377678020931	0.432831789955394	-0.608819478191026	0.908980974522179	-0.183485266120144	0.391578004149113	-0.537344015251442	0.963364709355936	-0.25012785523259
"154"	0.0403473292392964	0.30427602288425	0.337478407551904	1.29674934203616	-0.315438918835937	-0.0331648980380744	0.605964505937551	-0.608819478191026	0.908980974522179	-0.183485266120144	0.391578004149113	-0.537344015251442	0.963364709355936	-0.378325503130843
"155"	0.0518751375933811	0.30427602288425	0.398005200297534	1.34178317923138	-0.731951575749586	0.309920254079937	0.779097221919708	-0.608819478191026	0.908980974522179	-0.183485266120144	0.391578004149113	-0.537344015251442	0.963364709355936	-0.805650996125018
"156"	0.0634029459474658	0.30427602288425	0.433609196030257	1.33052471993257	-0.232136387453207	0.481462830138943	0.952229937901866	-0.608819478191026	0.908980974522179	-0.183485266120144	0.391578004149113	-0.537344015251442	0.963364709355936	-0.292860404532008
"157"	0.0749307543015505	0.30427602288425	0.447850794323346	1.33052471993257	-0.273787653144572	0.653005406197948	1.12536265388402	-0.608819478191026	0.908980974522179	-0.183485266120144	0.391578004149113	-0.537344015251442	0.963364709355936	-0.335592953831425
"158"	0.0864585626556352	0.30427602288425	0.454971593469891	-1.03375173281612	-1.06516170128051	1.68226086255198	1.29849536986618	-0.608819478191026	0.908980974522179	-0.183485266120144	0.391578004149113	-0.537344015251442	0.963364709355936	-1.14751139052036
"159"	0.0979863710097199	0.30427602288425	0.444290394750074	-0.49334568647356	-0.148833856070477	0.99609055831596	1.47162808584834	-0.608819478191026	0.908980974522179	-0.183485266120144	0.391578004149113	-0.537344015251442	0.963364709355936	-0.207395305933173
"160"	0.109514179363805	0.30427602288425	0.326797208832087	-0.49334568647356	2.05868322557186	-1.74859065862813	1.6447608018305	-0.608819478191026	0.908980974522179	-0.183485266120144	0.391578004149113	-0.537344015251442	0.963364709355936	2.05742980693595
"161"	0.121041987717889	0.43721214938708	0.355280405418266	-0.966200977023298	-1.10681296697187	-1.57704808256913	-1.6447608018305	2.63821773882778	-1.65060444109984	-0.183485266120144	0.391578004149113	-0.0116813916359009	-1.03101017320902	0.177197637761585
"162"	0.132569796071974	0.43721214938708	0.451411193896618	-1.05626865141372	2.22528828833732	-1.40550550651012	-1.47162808584834	2.23233808670043	-1.65060444109984	-0.183485266120144	0.391578004149113	-0.0116813916359009	-1.03101017320902	2.22836000413362
"163"	0.144097604426059	0.43721214938708	0.398005200297534	1.34178317923138	-0.731951575749586	-0.719335202274097	-1.29849536986618	1.82645843457308	-1.65060444109984	-0.183485266120144	0.391578004149113	-0.0116813916359009	-1.03101017320902	-0.805650996125018
"164"	0.155625412780143	0.43721214938708	0.362401204564811	-0.999976354919707	1.14235538036183	-1.23396293045111	-1.12536265388402	1.42057878244573	-1.65060444109984	-0.183485266120144	0.391578004149113	-0.0116813916359009	-1.03101017320902	1.11731372234877
"165"	0.167153221134228	0.43721214938708	0.405125999444078	-0.999976354919707	-0.482043981601397	-1.06242035439211	-0.952229937901866	1.01469913031838	-1.65060444109984	-0.183485266120144	0.391578004149113	-0.0116813916359009	-1.03101017320902	-0.549255700328513
"166"	0.178681029488313	0.43721214938708	0.412246798590623	-1.05626865141372	-0.981859169897775	-0.890877778333103	-0.779097221919708	0.608819478191026	-1.65060444109984	-0.183485266120144	0.391578004149113	-0.0116813916359009	-1.03101017320902	-1.06204629192152
"167"	0.190208837842398	0.43721214938708	-2.59629084082448	0.407331057430703	0.684191457756821	-0.547792626215092	-0.605964505937551	0.202939826063675	-1.65060444109984	-0.183485266120144	0.391578004149113	-0.0116813916359009	-1.03101017320902	0.647255680055177
"168"	0.201736646196482	0.43721214938708	0.415807198163895	0.407331057430703	1.47556550589275	-0.0331648980380744	-0.432831789955394	-0.202939826063675	-1.65060444109984	-0.183485266120144	0.391578004149113	-0.0116813916359009	-1.03101017320902	1.45917411674411
"169"	0.213264454550567	0.43721214938708	0.387324001577717	1.34178317923138	0.142725003769077	-0.20470747409708	-0.259699073973236	-0.608819478191026	-1.65060444109984	-0.183485266120144	0.391578004149113	-0.0116813916359009	-1.03101017320902	0.0917325391627496
"170"	0.224792262904652	0.43721214938708	0.308995210965726	1.33052471993257	-1.02351043558914	0.138377678020931	-0.0865663579910787	-0.608819478191026	-1.65060444109984	-0.183485266120144	0.391578004149113	-0.0116813916359009	-1.03101017320902	-1.10477884122094
"171"	0.236320071258736	0.43721214938708	0.390884401150989	0.249712627247457	-0.398741450218667	0.653005406197948	0.0865663579910787	-0.608819478191026	-1.65060444109984	-0.183485266120144	0.391578004149113	-0.0116813916359009	-1.03101017320902	-0.463790601729678
"172"	0.247847879612821	0.43721214938708	0.419367597737167	-1.03375173281612	-0.190485121761842	0.309920254079937	0.259699073973236	-0.608819478191026	-1.65060444109984	-0.183485266120144	0.391578004149113	-0.0116813916359009	-1.03101017320902	-0.25012785523259
"173"	0.259375687966906	0.43721214938708	0.326797208832087	-0.49334568647356	2.05868322557186	1.16763313437497	0.432831789955394	-0.608819478191026	-1.65060444109984	-0.183485266120144	0.391578004149113	-0.0116813916359009	-1.03101017320902	2.05742980693595
"174"	0.27090349632099	0.43721214938708	0.337478407551904	1.29674934203616	-0.315438918835937	1.33917571043397	0.605964505937551	-0.608819478191026	-1.65060444109984	-0.183485266120144	0.391578004149113	-0.0116813916359009	-1.03101017320902	-0.378325503130843
"175"	0.282431304675075	0.43721214938708	0.444290394750074	-0.49334568647356	-0.148833856070477	1.51071828649298	0.779097221919708	-0.608819478191026	-1.65060444109984	-0.183485266120144	0.391578004149113	-0.0116813916359009	-1.03101017320902	-0.207395305933173
"176"	0.29395911302916	0.43721214938708	0.454971593469891	-1.03375173281612	-1.06516170128051	0.481462830138943	0.952229937901866	-0.608819478191026	-1.65060444109984	-0.183485266120144	0.391578004149113	-0.0116813916359009	-1.03101017320902	-1.14751139052036
"177"	0.305486921383245	0.43721214938708	0.273391215233003	1.29674934203616	-0.0238800589963826	1.68226086255198	1.12536265388402	-0.608819478191026	-1.65060444109984	-0.183485266120144	0.391578004149113	-0.0116813916359009	-1.03101017320902	-0.0791976580349203
"178"	0.317014729737329	0.43721214938708	0.433609196030257	1.33052471993257	-0.232136387453207	0.99609055831596	1.29849536986618	-0.608819478191026	-1.65060444109984	-0.183485266120144	0.391578004149113	-0.0116813916359009	-1.03101017320902	-0.292860404532008
"179"	0.328542538091414	0.43721214938708	0.301874411819181	-0.966200977023298	-0.690300310058221	-0.376250050156086	1.47162808584834	-0.608819478191026	-2.24127799855108	8.70372349339122	0.391578004149113	-0.0116813916359009	-1.03101017320902	-0.7629184468256
"180"	0.340070346445499	0.43721214938708	-2.58560964210466	0.249712627247457	-0.565346512984126	0.824547982256954	1.6447608018305	-0.608819478191026	-3.42262511345355	-0.0456990838021386	0.391578004149113	-0.0116813916359009	-1.03101017320902	-0.634720798927348
"181"	0.351598154799583	0.65877236022513	0.451411193896618	-1.05626865141372	2.22528828833732	-1.57704808256913	-1.6447608018305	2.63821773882778	-0.0754749545632133	-0.183485266120144	0.391578004149113	0.864422981056668	1.24327697357558	2.22836000413362
"182"	0.363125963153668	0.65877236022513	0.355280405418266	-0.966200977023298	-1.10681296697187	-1.23396293045111	-1.47162808584834	2.23233808670043	-0.0754749545632133	-0.183485266120144	0.391578004149113	0.864422981056668	1.24327697357558	0.177197637761585
"183"	0.374653771507753	0.65877236022513	0.412246798590623	-1.05626865141372	-0.981859169897775	-1.40550550651012	-1.29849536986618	1.82645843457308	-0.0754749545632133	-0.183485266120144	0.391578004149113	0.864422981056668	1.24327697357558	-1.06204629192152
"184"	0.386181579861837	0.65877236022513	0.415807198163895	0.407331057430703	1.47556550589275	-1.06242035439211	-1.12536265388402	1.42057878244573	-0.0754749545632133	-0.183485266120144	0.391578004149113	0.864422981056668	1.24327697357558	1.45917411674411
"185"	0.397709388215922	0.65877236022513	-2.59629084082448	0.407331057430703	0.684191457756821	0.309920254079937	-0.952229937901866	1.01469913031838	-0.0754749545632133	-0.183485266120144	0.391578004149113	0.864422981056668	1.24327697357558	0.647255680055177
"186"	0.409237196570007	0.65877236022513	0.362401204564811	-0.999976354919707	1.14235538036183	-0.890877778333103	-0.779097221919708	0.608819478191026	-0.0754749545632133	-0.183485266120144	0.391578004149113	0.864422981056668	1.24327697357558	1.11731372234877
"187"	0.420765004924092	0.65877236022513	0.419367597737167	-1.03375173281612	-0.190485121761842	1.16763313437497	-0.605964505937551	0.202939826063675	-0.0754749545632133	-0.183485266120144	0.391578004149113	0.864422981056668	1.24327697357558	-0.25012785523259
"188"	0.432292813278176	0.65877236022513	-2.58560964210466	0.249712627247457	-0.565346512984126	-0.20470747409708	-0.432831789955394	-0.202939826063675	-0.0754749545632133	-0.183485266120144	0.391578004149113	0.864422981056668	1.24327697357558	-0.634720798927348
"189"	0.443820621632261	0.65877236022513	0.398005200297534	1.34178317923138	-0.731951575749586	0.138377678020931	-0.259699073973236	-0.608819478191026	-0.0754749545632133	-0.183485266120144	0.391578004149113	0.864422981056668	1.24327697357558	-0.805650996125018
"190"	0.455348429986346	0.65877236022513	0.326797208832087	-0.49334568647356	2.05868322557186	0.481462830138943	-0.0865663579910787	-0.608819478191026	-0.0754749545632133	-0.183485266120144	0.391578004149113	0.864422981056668	1.24327697357558	2.05742980693595
"191"	0.46687623834043	0.65877236022513	0.433609196030257	1.33052471993257	-0.232136387453207	1.33917571043397	0.0865663579910787	-0.608819478191026	-0.0754749545632133	-0.183485266120144	0.391578004149113	0.864422981056668	1.24327697357558	-0.292860404532008
"192"	0.478404046694515	0.65877236022513	0.405125999444078	-0.999976354919707	-0.482043981601397	-0.719335202274097	0.259699073973236	-0.608819478191026	-0.0754749545632133	-0.183485266120144	0.391578004149113	0.864422981056668	1.24327697357558	-0.549255700328513
"193"	0.4899318550486	0.65877236022513	0.390884401150989	0.249712627247457	-0.398741450218667	0.99609055831596	0.432831789955394	-0.608819478191026	-0.0754749545632133	-0.183485266120144	0.391578004149113	0.864422981056668	1.24327697357558	-0.463790601729678
"194"	0.501459663402684	0.65877236022513	0.337478407551904	1.29674934203616	-0.315438918835937	1.51071828649298	0.605964505937551	-0.608819478191026	-0.0754749545632133	-0.183485266120144	0.391578004149113	0.864422981056668	1.24327697357558	-0.378325503130843
"195"	0.512987471756769	0.65877236022513	0.444290394750074	-0.49334568647356	-0.148833856070477	0.824547982256954	0.779097221919708	-0.608819478191026	-0.0754749545632133	-0.183485266120144	0.391578004149113	0.864422981056668	1.24327697357558	-0.207395305933173
"196"	0.524515280110854	0.65877236022513	0.273391215233003	1.29674934203616	-0.0238800589963826	-0.547792626215092	0.952229937901866	-0.608819478191026	-1.65060444109984	1.88330746864994	0.391578004149113	0.864422981056668	1.24327697357558	-0.0791976580349203
"197"	0.536043088464939	0.65877236022513	0.387324001577717	1.34178317923138	0.142725003769077	-0.0331648980380744	1.12536265388402	-0.608819478191026	-1.84749562691692	1.88330746864994	0.391578004149113	0.864422981056668	1.24327697357558	0.0917325391627496
"198"	0.547570896819023	0.65877236022513	0.301874411819181	-0.966200977023298	-0.690300310058221	-0.376250050156086	1.29849536986618	-0.608819478191026	-1.84749562691692	1.88330746864994	0.391578004149113	0.864422981056668	1.24327697357558	-0.7629184468256
"199"	0.559098705173108	0.65877236022513	0.454971593469891	-1.03375173281612	-1.06516170128051	1.68226086255198	1.47162808584834	-0.608819478191026	-3.42262511345355	1.88330746864994	0.391578004149113	0.864422981056668	1.24327697357558	-1.14751139052036
"200"	0.570626513527193	0.65877236022513	0.458531993043163	1.33052471993257	0.517586394991361	0.653005406197948	1.6447608018305	-0.608819478191026	-3.8164074850877	1.88330746864994	0.391578004149113	0.864422981056668	1.24327697357558	0.476325482857507
"201"	0.582154321881277	0.70308440239274	0.355280405418266	-0.966200977023298	-1.10681296697187	-1.57704808256913	-1.6447608018305	2.63821773882778	-0.0754749545632133	-0.183485266120144	0.391578004149113	1.03964385559518	0.928375676328481	0.177197637761585
"202"	0.593682130235362	0.70308440239274	-2.59629084082448	0.407331057430703	0.684191457756821	-1.23396293045111	-1.47162808584834	2.23233808670043	-0.0754749545632133	-0.183485266120144	0.391578004149113	1.03964385559518	0.928375676328481	0.647255680055177
"203"	0.605209938589447	0.70308440239274	0.405125999444078	-0.999976354919707	-0.482043981601397	-1.40550550651012	-1.29849536986618	1.82645843457308	-0.0754749545632133	-0.183485266120144	0.391578004149113	1.03964385559518	0.928375676328481	-0.549255700328513
"204"	0.616737746943531	0.70308440239274	0.412246798590623	-1.05626865141372	-0.981859169897775	-1.06242035439211	-1.12536265388402	1.42057878244573	-0.0754749545632133	-0.183485266120144	0.391578004149113	1.03964385559518	0.928375676328481	-1.06204629192152
"205"	0.628265555297616	0.70308440239274	0.301874411819181	-0.966200977023298	-0.690300310058221	-0.547792626215092	-0.952229937901866	1.01469913031838	-0.0754749545632133	-0.183485266120144	0.391578004149113	1.03964385559518	0.928375676328481	-0.7629184468256
"206"	0.639793363651701	0.70308440239274	0.362401204564811	-0.999976354919707	1.14235538036183	-0.719335202274097	-0.779097221919708	0.608819478191026	-0.0754749545632133	-0.183485266120144	0.391578004149113	1.03964385559518	0.928375676328481	1.11731372234877
"207"	0.651321172005786	0.70308440239274	0.398005200297534	1.34178317923138	-0.731951575749586	-0.20470747409708	-0.605964505937551	0.202939826063675	-0.0754749545632133	-0.183485266120144	0.391578004149113	1.03964385559518	0.928375676328481	-0.805650996125018
"208"	0.66284898035987	0.70308440239274	0.415807198163895	0.407331057430703	1.47556550589275	0.138377678020931	-0.432831789955394	-0.202939826063675	-0.0754749545632133	-0.183485266120144	0.391578004149113	1.03964385559518	0.928375676328481	1.45917411674411
"209"	0.674376788713955	0.70308440239274	0.419367597737167	-1.03375173281612	-0.190485121761842	-0.376250050156086	-0.259699073973236	-0.608819478191026	-0.0754749545632133	-0.183485266120144	0.391578004149113	1.03964385559518	0.928375676328481	-0.25012785523259
"210"	0.68590459706804	0.70308440239274	0.451411193896618	-1.05626865141372	2.22528828833732	-0.890877778333103	-0.0865663579910787	-0.608819478191026	-0.0754749545632133	-0.183485266120144	0.391578004149113	1.03964385559518	0.928375676328481	2.22836000413362
"211"	0.697432405422124	0.70308440239274	0.387324001577717	1.34178317923138	0.142725003769077	0.481462830138943	0.0865663579910787	-0.608819478191026	-0.0754749545632133	-0.183485266120144	0.391578004149113	1.03964385559518	0.928375676328481	0.0917325391627496
"212"	0.708960213776209	0.70308440239274	0.308995210965726	1.33052471993257	-1.02351043558914	-0.0331648980380744	0.259699073973236	-0.608819478191026	-0.0754749545632133	-0.183485266120144	0.391578004149113	1.03964385559518	0.928375676328481	-1.10477884122094
"213"	0.720488022130294	0.70308440239274	-2.58560964210466	0.249712627247457	-0.565346512984126	0.309920254079937	0.432831789955394	-0.608819478191026	-0.0754749545632133	-0.183485266120144	0.391578004149113	1.03964385559518	0.928375676328481	-0.634720798927348
"214"	0.732015830484378	0.70308440239274	0.433609196030257	1.33052471993257	-0.232136387453207	1.51071828649298	0.605964505937551	-0.608819478191026	-0.0754749545632133	-0.183485266120144	0.391578004149113	1.03964385559518	0.928375676328481	-0.292860404532008
"215"	0.743543638838463	0.70308440239274	0.273391215233003	1.29674934203616	-0.0238800589963826	0.99609055831596	0.779097221919708	-0.608819478191026	-0.0754749545632133	-0.183485266120144	0.391578004149113	1.03964385559518	0.928375676328481	-0.0791976580349203
"216"	0.755071447192548	0.70308440239274	0.326797208832087	-0.49334568647356	2.05868322557186	1.33917571043397	0.952229937901866	-0.608819478191026	-0.0754749545632133	-0.183485266120144	0.391578004149113	1.03964385559518	0.928375676328481	2.05742980693595
"217"	0.766599255546632	0.70308440239274	0.444290394750074	-0.49334568647356	-0.148833856070477	0.824547982256954	1.12536265388402	-0.608819478191026	-0.0754749545632133	-0.183485266120144	0.391578004149113	1.03964385559518	0.928375676328481	-0.207395305933173
"218"	0.778127063900717	0.70308440239274	0.337478407551904	1.29674934203616	-0.315438918835937	1.16763313437497	1.29849536986618	-0.608819478191026	-0.0754749545632133	-0.183485266120144	0.391578004149113	1.03964385559518	0.928375676328481	-0.378325503130843
"219"	0.789654872254802	0.70308440239274	0.454971593469891	-1.03375173281612	-1.06516170128051	1.68226086255198	1.47162808584834	-0.608819478191026	-0.0754749545632133	-0.183485266120144	0.391578004149113	1.03964385559518	0.928375676328481	-1.14751139052036
"220"	0.801182680608887	0.70308440239274	0.390884401150989	0.249712627247457	-0.398741450218667	0.653005406197948	1.6447608018305	-0.608819478191026	-0.666148512014449	1.33216273937792	0.391578004149113	1.03964385559518	0.928375676328481	-0.463790601729678
"221"	0.812710488962971	0.79170848672796	0.355280405418266	-0.966200977023298	-1.10681296697187	-1.40550550651012	-1.6447608018305	2.63821773882778	0.908980974522179	-0.183485266120144	0.391578004149113	1.39008560467221	-0.85606500807174	0.177197637761585
"222"	0.824238297317056	0.79170848672796	0.412246798590623	-1.05626865141372	-0.981859169897775	-1.57704808256913	-1.47162808584834	2.23233808670043	0.908980974522179	-0.183485266120144	0.391578004149113	1.39008560467221	-0.85606500807174	-1.06204629192152
"223"	0.835766105671141	0.79170848672796	0.301874411819181	-0.966200977023298	-0.690300310058221	-1.23396293045111	-1.29849536986618	1.82645843457308	0.908980974522179	-0.183485266120144	0.391578004149113	1.39008560467221	-0.85606500807174	-0.7629184468256
"224"	0.847293914025225	0.79170848672796	0.415807198163895	0.407331057430703	1.47556550589275	-1.06242035439211	-1.12536265388402	1.42057878244573	0.908980974522179	-0.183485266120144	0.391578004149113	1.39008560467221	-0.85606500807174	1.45917411674411
"225"	0.85882172237931	0.79170848672796	0.405125999444078	-0.999976354919707	-0.482043981601397	-0.547792626215092	-0.952229937901866	1.01469913031838	0.908980974522179	-0.183485266120144	0.391578004149113	1.39008560467221	-0.85606500807174	-0.549255700328513
"226"	0.870349530733395	0.79170848672796	0.433609196030257	1.33052471993257	-0.232136387453207	-0.719335202274097	-0.779097221919708	0.608819478191026	0.908980974522179	-0.183485266120144	0.391578004149113	1.39008560467221	-0.85606500807174	-0.292860404532008
"227"	0.881877339087479	0.79170848672796	-2.59629084082448	0.407331057430703	0.684191457756821	-0.890877778333103	-0.605964505937551	0.202939826063675	0.908980974522179	-0.183485266120144	0.391578004149113	1.39008560467221	-0.85606500807174	0.647255680055177
"228"	0.893405147441564	0.79170848672796	0.362401204564811	-0.999976354919707	1.14235538036183	-0.20470747409708	-0.432831789955394	-0.202939826063675	0.908980974522179	-0.183485266120144	0.391578004149113	1.39008560467221	-0.85606500807174	1.11731372234877
"229"	0.904932955795649	0.79170848672796	0.308995210965726	1.33052471993257	-1.02351043558914	-0.376250050156086	-0.259699073973236	-0.608819478191026	0.908980974522179	-0.183485266120144	0.391578004149113	1.39008560467221	-0.85606500807174	-1.10477884122094
"230"	0.916460764149734	0.79170848672796	0.451411193896618	-1.05626865141372	2.22528828833732	-0.0331648980380744	-0.0865663579910787	-0.608819478191026	0.908980974522179	-0.183485266120144	0.391578004149113	1.39008560467221	-0.85606500807174	2.22836000413362
"231"	0.927988572503818	0.79170848672796	-2.58560964210466	0.249712627247457	-0.565346512984126	0.824547982256954	0.0865663579910787	-0.608819478191026	0.908980974522179	-0.183485266120144	0.391578004149113	1.39008560467221	-0.85606500807174	-0.634720798927348
"232"	0.939516380857903	0.79170848672796	0.390884401150989	0.249712627247457	-0.398741450218667	1.16763313437497	0.259699073973236	-0.608819478191026	0.908980974522179	-0.183485266120144	0.391578004149113	1.39008560467221	-0.85606500807174	-0.463790601729678
"233"	0.951044189211988	0.79170848672796	0.398005200297534	1.34178317923138	-0.731951575749586	0.481462830138943	0.432831789955394	-0.608819478191026	0.908980974522179	-0.183485266120144	0.391578004149113	1.39008560467221	-0.85606500807174	-0.805650996125018
"234"	0.962571997566072	0.79170848672796	0.387324001577717	1.34178317923138	0.142725003769077	0.99609055831596	0.605964505937551	-0.608819478191026	0.908980974522179	-0.183485266120144	0.391578004149113	1.39008560467221	-0.85606500807174	0.0917325391627496
"235"	0.974099805920157	0.79170848672796	0.419367597737167	-1.03375173281612	-0.190485121761842	1.51071828649298	0.779097221919708	-0.608819478191026	0.908980974522179	-0.183485266120144	0.391578004149113	1.39008560467221	-0.85606500807174	-0.25012785523259
"236"	0.985627614274242	0.79170848672796	0.337478407551904	1.29674934203616	-0.315438918835937	0.138377678020931	0.952229937901866	-0.608819478191026	0.908980974522179	-0.183485266120144	0.391578004149113	1.39008560467221	-0.85606500807174	-0.378325503130843
"237"	0.997155422628326	0.79170848672796	0.444290394750074	-0.49334568647356	-0.148833856070477	1.33917571043397	1.12536265388402	-0.608819478191026	0.908980974522179	-0.183485266120144	0.391578004149113	1.39008560467221	-0.85606500807174	-0.207395305933173
"238"	1.00868323098241	0.79170848672796	0.273391215233003	1.29674934203616	-0.0238800589963826	0.309920254079937	1.29849536986618	-0.608819478191026	0.908980974522179	-0.183485266120144	0.391578004149113	1.39008560467221	-0.85606500807174	-0.0791976580349203
"239"	1.0202110393365	0.79170848672796	0.326797208832087	-0.49334568647356	2.05868322557186	0.653005406197948	1.47162808584834	-0.608819478191026	0.908980974522179	-0.183485266120144	0.391578004149113	1.39008560467221	-0.85606500807174	2.05742980693595
"240"	1.03173884769058	0.79170848672796	0.454971593469891	-1.03375173281612	-1.06516170128051	1.68226086255198	1.6447608018305	-0.608819478191026	0.908980974522179	-0.183485266120144	0.391578004149113	1.39008560467221	-0.85606500807174	-1.14751139052036
"241"	1.04326665604467	1.10189278190123	0.355280405418266	-0.966200977023298	-1.10681296697187	-1.06242035439211	-1.6447608018305	2.63821773882778	-0.0754749545632133	-0.183485266120144	1.37052301452167	-1.2382275134055	-0.891054041099195	0.177197637761585
"242"	1.05479446439875	1.10189278190123	-2.59629084082448	0.407331057430703	0.684191457756821	-1.40550550651012	-1.47162808584834	2.23233808670043	-0.0754749545632133	-0.183485266120144	1.37052301452167	-1.2382275134055	-0.891054041099195	0.647255680055177
"243"	1.06632227275283	1.10189278190123	0.301874411819181	-0.966200977023298	-0.690300310058221	-0.719335202274097	-1.29849536986618	1.82645843457308	-0.0754749545632133	-0.183485266120144	1.37052301452167	-1.2382275134055	-0.891054041099195	-0.7629184468256
"244"	1.07785008110692	1.10189278190123	0.405125999444078	-0.999976354919707	-0.482043981601397	-0.547792626215092	-1.12536265388402	1.42057878244573	-0.0754749545632133	-0.183485266120144	1.37052301452167	-1.2382275134055	-0.891054041099195	-0.549255700328513
"245"	1.089377889461	1.10189278190123	0.362401204564811	-0.999976354919707	1.14235538036183	-0.890877778333103	-0.952229937901866	1.01469913031838	-0.0754749545632133	-0.183485266120144	1.37052301452167	-1.2382275134055	-0.891054041099195	1.11731372234877
"246"	1.10090569781509	1.10189278190123	0.412246798590623	-1.05626865141372	-0.981859169897775	-1.57704808256913	-0.779097221919708	0.608819478191026	-0.0754749545632133	-0.183485266120144	1.37052301452167	-1.2382275134055	-0.891054041099195	-1.06204629192152
"247"	1.11243350616917	1.10189278190123	0.451411193896618	-1.05626865141372	2.22528828833732	-0.376250050156086	-0.605964505937551	0.202939826063675	-0.0754749545632133	-0.183485266120144	1.37052301452167	-1.2382275134055	-0.891054041099195	2.22836000413362
"248"	1.12396131452326	1.10189278190123	0.415807198163895	0.407331057430703	1.47556550589275	0.138377678020931	-0.432831789955394	-0.202939826063675	-0.0754749545632133	-0.183485266120144	1.37052301452167	-1.2382275134055	-0.891054041099195	1.45917411674411
"249"	1.13548912287734	1.10189278190123	0.444290394750074	-0.898650221230478	-0.148833856070477	-0.0331648980380744	-0.259699073973236	-0.608819478191026	-0.0754749545632133	-0.183485266120144	1.37052301452167	-1.2382275134055	-0.891054041099195	-0.207395305933173
"250"	1.14701693123143	1.10189278190123	0.337478407551904	1.29674934203616	-0.315438918835937	0.309920254079937	-0.0865663579910787	-0.608819478191026	-0.0754749545632133	-0.183485266120144	1.37052301452167	-1.2382275134055	-0.891054041099195	-0.378325503130843
"251"	1.15854473958551	1.10189278190123	0.308995210965726	1.35304163853018	-1.02351043558914	0.653005406197948	0.0865663579910787	-0.608819478191026	-0.0754749545632133	-0.183485266120144	1.37052301452167	-1.2382275134055	-0.891054041099195	-1.10477884122094
"252"	1.1700725479396	1.10189278190123	0.326797208832087	-0.898650221230478	2.05868322557186	-0.20470747409708	0.259699073973236	-0.608819478191026	-0.0754749545632133	-0.183485266120144	1.37052301452167	-1.2382275134055	-0.891054041099195	2.05742980693595
"253"	1.18160035629368	1.10189278190123	0.387324001577717	1.34178317923138	0.142725003769077	1.16763313437497	0.432831789955394	-0.608819478191026	-0.0754749545632133	-0.183485266120144	1.37052301452167	-1.2382275134055	-0.891054041099195	0.0917325391627496
"254"	1.19312816464777	1.10189278190123	0.390884401150989	0.249712627247457	-0.398741450218667	0.824547982256954	0.605964505937551	-0.608819478191026	-0.0754749545632133	-0.183485266120144	1.37052301452167	-1.2382275134055	-0.891054041099195	-0.463790601729678
"255"	1.20465597300185	1.10189278190123	0.398005200297534	1.34178317923138	-0.731951575749586	0.99609055831596	0.779097221919708	-0.608819478191026	-0.0754749545632133	-0.183485266120144	1.37052301452167	-1.2382275134055	-0.891054041099195	-0.805650996125018
"256"	1.21618378135594	1.10189278190123	0.433609196030257	1.35304163853018	-0.232136387453207	1.51071828649298	0.952229937901866	-0.608819478191026	-0.0754749545632133	-0.183485266120144	1.37052301452167	-1.2382275134055	-0.891054041099195	-0.292860404532008
"257"	1.22771158971002	1.10189278190123	0.419367597737167	-1.03375173281612	-0.190485121761842	1.33917571043397	1.12536265388402	-0.608819478191026	-0.0754749545632133	-0.183485266120144	1.37052301452167	-1.2382275134055	-0.891054041099195	-0.25012785523259
"258"	1.23923939806411	1.10189278190123	0.454971593469891	-1.03375173281612	-1.06516170128051	1.68226086255198	1.29849536986618	-0.608819478191026	-0.0754749545632133	-0.183485266120144	1.37052301452167	-1.2382275134055	-0.891054041099195	-1.14751139052036
"259"	1.25076720641819	1.10189278190123	0.273391215233003	1.29674934203616	-0.0238800589963826	0.481462830138943	1.47162808584834	-0.608819478191026	-0.0754749545632133	-0.183485266120144	1.37052301452167	-1.2382275134055	-0.891054041099195	-0.0791976580349203
"260"	1.26229501477227	1.10189278190123	-2.58560964210466	0.249712627247457	-0.565346512984126	-1.23396293045111	1.6447608018305	-0.608819478191026	-0.46925732619737	1.88330746864994	1.37052301452167	-1.2382275134055	-0.891054041099195	-0.634720798927348
"261"	1.27382282312636	1.14620482406884	0.355280405418266	-0.966200977023298	-1.10681296697187	-1.57704808256913	-1.6447608018305	2.63821773882778	-0.0754749545632133	-0.183485266120144	1.37052301452167	-1.06300663886698	1.27826600660303	0.177197637761585
"262"	1.28535063148044	1.14620482406884	0.405125999444078	-0.999976354919707	-0.482043981601397	-1.40550550651012	-1.47162808584834	2.23233808670043	-0.0754749545632133	-0.183485266120144	1.37052301452167	-1.06300663886698	1.27826600660303	-0.549255700328513
"263"	1.29687843983453	1.14620482406884	0.301874411819181	-0.966200977023298	-0.690300310058221	-1.23396293045111	-1.29849536986618	1.82645843457308	-0.0754749545632133	-0.183485266120144	1.37052301452167	-1.06300663886698	1.27826600660303	-0.7629184468256
"264"	1.30840624818861	1.14620482406884	0.308995210965726	1.35304163853018	-1.02351043558914	-1.06242035439211	-1.12536265388402	1.42057878244573	-0.0754749545632133	-0.183485266120144	1.37052301452167	-1.06300663886698	1.27826600660303	-1.10477884122094
"265"	1.3199340565427	1.14620482406884	0.362401204564811	-0.999976354919707	1.14235538036183	-0.890877778333103	-0.952229937901866	1.01469913031838	-0.0754749545632133	-0.183485266120144	1.37052301452167	-1.06300663886698	1.27826600660303	1.11731372234877
"266"	1.33146186489678	1.14620482406884	0.451411193896618	-1.05626865141372	2.22528828833732	-0.719335202274097	-0.779097221919708	0.608819478191026	-0.0754749545632133	-0.183485266120144	1.37052301452167	-1.06300663886698	1.27826600660303	2.22836000413362
"267"	1.34298967325087	1.14620482406884	0.273391215233003	1.29674934203616	-0.0238800589963826	-0.0331648980380744	-0.605964505937551	0.202939826063675	-0.0754749545632133	-0.183485266120144	1.37052301452167	-1.06300663886698	1.27826600660303	-0.0791976580349203
"268"	1.35451748160495	1.14620482406884	0.433609196030257	1.35304163853018	-0.232136387453207	0.824547982256954	-0.432831789955394	-0.202939826063675	-0.0754749545632133	-0.183485266120144	1.37052301452167	-1.06300663886698	1.27826600660303	-0.292860404532008
"269"	1.36604528995904	1.14620482406884	0.398005200297534	1.34178317923138	-0.731951575749586	0.99609055831596	-0.259699073973236	-0.608819478191026	-0.0754749545632133	-0.183485266120144	1.37052301452167	-1.06300663886698	1.27826600660303	-0.805650996125018
"270"	1.37757309831312	1.14620482406884	0.454971593469891	-1.03375173281612	-1.06516170128051	1.33917571043397	-0.0865663579910787	-0.608819478191026	-0.0754749545632133	-0.183485266120144	1.37052301452167	-1.06300663886698	1.27826600660303	-1.14751139052036
"271"	1.38910090666721	1.14620482406884	0.444290394750074	-0.898650221230478	-0.148833856070477	1.16763313437497	0.0865663579910787	-0.608819478191026	-0.0754749545632133	-0.183485266120144	1.37052301452167	-1.06300663886698	1.27826600660303	-0.207395305933173
"272"	1.40062871502129	1.14620482406884	0.415807198163895	0.407331057430703	1.47556550589275	0.138377678020931	0.259699073973236	-0.608819478191026	-0.0754749545632133	-0.183485266120144	1.37052301452167	-1.06300663886698	1.27826600660303	1.45917411674411
"273"	1.41215652337538	1.14620482406884	0.419367597737167	-1.03375173281612	-0.190485121761842	1.68226086255198	0.432831789955394	-0.608819478191026	-0.0754749545632133	-0.183485266120144	1.37052301452167	-1.06300663886698	1.27826600660303	-0.25012785523259
"274"	1.42368433172946	1.14620482406884	0.326797208832087	-0.898650221230478	2.05868322557186	1.51071828649298	0.605964505937551	-0.608819478191026	-0.0754749545632133	-0.183485266120144	1.37052301452167	-1.06300663886698	1.27826600660303	2.05742980693595
"275"	1.43521214008354	1.14620482406884	0.387324001577717	1.34178317923138	0.142725003769077	0.481462830138943	0.779097221919708	-0.608819478191026	-0.0754749545632133	-0.183485266120144	1.37052301452167	-1.06300663886698	1.27826600660303	0.0917325391627496
"276"	1.44673994843763	1.14620482406884	-2.59629084082448	0.407331057430703	0.684191457756821	0.309920254079937	0.952229937901866	-0.608819478191026	-0.0754749545632133	-0.183485266120144	1.37052301452167	-1.06300663886698	1.27826600660303	0.647255680055177
"277"	1.45826775679171	1.14620482406884	-2.58560964210466	0.249712627247457	-0.565346512984126	-0.376250050156086	1.12536265388402	-0.608819478191026	-0.0754749545632133	-0.183485266120144	1.37052301452167	-1.06300663886698	1.27826600660303	-0.634720798927348
"278"	1.4697955651458	1.14620482406884	0.337478407551904	1.29674934203616	-0.315438918835937	0.653005406197948	1.29849536986618	-0.608819478191026	-0.0754749545632133	-0.183485266120144	1.37052301452167	-1.06300663886698	1.27826600660303	-0.378325503130843
"279"	1.48132337349988	1.14620482406884	0.390884401150989	0.249712627247457	-0.398741450218667	-0.547792626215092	1.47162808584834	-0.608819478191026	-3.61951629927062	1.88330746864994	1.37052301452167	-1.06300663886698	1.27826600660303	-0.463790601729678
"280"	1.49285118185397	1.14620482406884	0.412246798590623	-1.05626865141372	-0.981859169897775	-0.20470747409708	1.6447608018305	-0.608819478191026	-3.8164074850877	1.88330746864994	1.37052301452167	-1.06300663886698	1.27826600660303	-1.06204629192152
"281"	1.50437899020805	1.36776503490689	0.355280405418266	-0.966200977023298	-1.10681296697187	-1.57704808256913	-1.6447608018305	2.63821773882778	0.7120897887051	-0.183485266120144	1.37052301452167	-0.186902266174415	0.963364709355936	0.177197637761585
"282"	1.51590679856214	1.36776503490689	0.451411193896618	-1.05626865141372	2.22528828833732	-1.23396293045111	-1.47162808584834	2.23233808670043	0.7120897887051	-0.183485266120144	1.37052301452167	-0.186902266174415	0.963364709355936	2.22836000413362
"283"	1.52743460691622	1.36776503490689	0.412246798590623	-1.05626865141372	-0.981859169897775	-1.40550550651012	-1.29849536986618	1.82645843457308	0.7120897887051	-0.183485266120144	1.37052301452167	-0.186902266174415	0.963364709355936	-1.06204629192152
"284"	1.53896241527031	1.36776503490689	0.415807198163895	0.407331057430703	1.47556550589275	-1.06242035439211	-1.12536265388402	1.42057878244573	0.7120897887051	-0.183485266120144	1.37052301452167	-0.186902266174415	0.963364709355936	1.45917411674411
"285"	1.55049022362439	1.36776503490689	0.362401204564811	-0.999976354919707	1.14235538036183	-0.890877778333103	-0.952229937901866	1.01469913031838	0.7120897887051	-0.183485266120144	1.37052301452167	-0.186902266174415	0.963364709355936	1.11731372234877
"286"	1.56201803197848	1.36776503490689	-2.59629084082448	0.407331057430703	0.684191457756821	-0.719335202274097	-0.779097221919708	0.608819478191026	0.7120897887051	-0.183485266120144	1.37052301452167	-0.186902266174415	0.963364709355936	0.647255680055177
"287"	1.57354584033256	1.36776503490689	0.405125999444078	-0.999976354919707	-0.482043981601397	-0.0331648980380744	-0.605964505937551	0.202939826063675	0.7120897887051	-0.183485266120144	1.37052301452167	-0.186902266174415	0.963364709355936	-0.549255700328513
"288"	1.58507364868665	1.36776503490689	0.301874411819181	-0.966200977023298	-0.690300310058221	-0.547792626215092	-0.432831789955394	-0.202939826063675	0.7120897887051	-0.183485266120144	1.37052301452167	-0.186902266174415	0.963364709355936	-0.7629184468256
"289"	1.59660145704073	1.36776503490689	0.337478407551904	1.29674934203616	-0.315438918835937	0.138377678020931	-0.259699073973236	-0.608819478191026	0.7120897887051	-0.183485266120144	1.37052301452167	-0.186902266174415	0.963364709355936	-0.378325503130843
"290"	1.60812926539482	1.36776503490689	0.390884401150989	0.249712627247457	-0.398741450218667	0.309920254079937	-0.0865663579910787	-0.608819478191026	0.7120897887051	-0.183485266120144	1.37052301452167	-0.186902266174415	0.963364709355936	-0.463790601729678
"291"	1.6196570737489	1.36776503490689	0.387324001577717	1.34178317923138	0.142725003769077	-0.376250050156086	0.0865663579910787	-0.608819478191026	0.7120897887051	-0.183485266120144	1.37052301452167	-0.186902266174415	0.963364709355936	0.0917325391627496
"292"	1.63118488210298	1.36776503490689	0.398005200297534	1.34178317923138	-0.731951575749586	-0.20470747409708	0.259699073973236	-0.608819478191026	0.7120897887051	-0.183485266120144	1.37052301452167	-0.186902266174415	0.963364709355936	-0.805650996125018
"293"	1.64271269045707	1.36776503490689	0.433609196030257	1.35304163853018	-0.232136387453207	0.653005406197948	0.432831789955394	-0.608819478191026	0.7120897887051	-0.183485266120144	1.37052301452167	-0.186902266174415	0.963364709355936	-0.292860404532008
"294"	1.65424049881115	1.36776503490689	0.308995210965726	1.35304163853018	-1.02351043558914	0.99609055831596	0.605964505937551	-0.608819478191026	0.7120897887051	-0.183485266120144	1.37052301452167	-0.186902266174415	0.963364709355936	-1.10477884122094
"295"	1.66576830716524	1.36776503490689	-2.58560964210466	0.249712627247457	-0.565346512984126	0.481462830138943	0.779097221919708	-0.608819478191026	0.7120897887051	-0.183485266120144	1.37052301452167	-0.186902266174415	0.963364709355936	-0.634720798927348
"296"	1.67729611551932	1.36776503490689	0.454971593469891	-1.03375173281612	-1.06516170128051	0.824547982256954	0.952229937901866	-0.608819478191026	0.7120897887051	-0.183485266120144	1.37052301452167	-0.186902266174415	0.963364709355936	-1.14751139052036
"297"	1.68882392387341	1.36776503490689	0.419367597737167	-1.03375173281612	-0.190485121761842	-1.74859065862813	1.12536265388402	-0.608819478191026	0.7120897887051	-0.183485266120144	1.37052301452167	-0.186902266174415	0.963364709355936	-0.25012785523259
"298"	1.70035173222749	1.36776503490689	0.326797208832087	-0.898650221230478	2.05868322557186	1.33917571043397	1.29849536986618	-0.608819478191026	0.7120897887051	-0.183485266120144	1.37052301452167	-0.186902266174415	0.963364709355936	2.05742980693595
"299"	1.71187954058158	1.36776503490689	0.273391215233003	1.29674934203616	-0.0238800589963826	1.16763313437497	1.47162808584834	-0.608819478191026	0.7120897887051	-0.183485266120144	1.37052301452167	-0.186902266174415	0.963364709355936	-0.0791976580349203
"300"	1.72340734893566	1.36776503490689	0.444290394750074	-0.898650221230478	-0.148833856070477	1.51071828649298	1.6447608018305	-0.608819478191026	0.7120897887051	-0.183485266120144	1.37052301452167	-0.186902266174415	0.963364709355936	-0.207395305933173
